##Alpha(50mT) X DEG X DEG
0.2 0.00014877 51.149 0.13287 -0.89844
5.01 0.00010491 60.414 0.13294 -0.82032
9.78 8.3924E-5 65.313 0.13287 -0.82813
14.66 3.8147E-5 77.79 0.13287 -0.75
20.55 2.4796E-5 82.368 0.13281 -0.79688
25.1 3.624E-5 79.376 0.13281 -0.78125
29.95 5.3406E-5 73.001 0.13275 -0.78125
34.87 5.3406E-5 72.813 0.13281 -0.85157
40.29 6.2943E-5 71.563 0.13275 -0.78125
45.28 8.5831E-5 64.868 0.13275 -0.80469
49.72 0.00013924 53.047 0.13281 -0.79688
55.38 0.00016976 47.649 0.13269 -0.76563
60.13 0.00020218 43.039 0.13275 -0.83594
64.95 0.00023461 38.453 0.13275 -0.83594
70.47 0.0003109 30.461 0.13269 -0.71094
75.53 0.00031853 30.563 0.13275 -0.79688
80.51 0.0003643 27.906 0.13275 -0.78125
85.78 0.00044823 22.883 0.13269 -0.76563
89.74 0.00044823 22.961 0.13269 -0.76563
95.07 0.00049782 21.367 0.13263 -0.78125
100.31 0.00054169 19.422 0.13263 -0.79688
105.56 0.00054741 19.055 0.13257 -0.78125
109.76 0.00053978 20.266 0.13257 -0.79688
115.28 0.00052643 20.211 0.13257 -0.79688
120.24 0.00052262 20.117 0.13257 -0.78125
125.66 0.00047112 21.766 0.13251 -0.8125
130.64 0.00047112 21.586 0.13251 -0.83594
134.96 0.00048638 21.43 0.13251 -0.76563
139.98 0.00045777 22.258 0.13257 -0.89844
145.04 0.00042916 24.391 0.13257 -0.85938
150.13 0.00040817 25.422 0.13251 -0.86719
155.11 0.00038147 25.961 0.13251 -0.82813
160.13 0.00031853 30.563 0.13257 -0.9375
165.31 0.00028038 34.313 0.13257 -0.82813
170.46 0.00025368 37.875 0.13251 -0.79688
175.41 0.00020981 43.133 0.13257 -0.79688
180.5 0.00014687 52.969 0.13251 -0.74219
185.59 0.00013352 55.524 0.13251 -0.89844
189.73 0.00011444 59.25 0.13257 -0.90625
195.59 8.7738E-5 66.344 0.13257 -0.90625
200.58 8.2017E-5 66.852 0.13257 -0.8125
204.76 7.4387E-5 68.454 0.13257 -0.96875
210.64 8.0109E-5 66.313 0.13257 -0.89844
215.29 7.0572E-5 69.969 0.13257 -0.79688
220 0.00011826 58.25 0.13251 -0.82813
225.07 0.00015831 49.688 0.13257 -0.92969
230.76 0.00015068 50.344 0.13257 -0.86719
235.66 0.00019646 44.5 0.13251 -0.8125
240.44 0.00025559 36.922 0.13251 -0.78125
245.47 0.00025368 36.508 0.13257 -0.86719
250.29 0.00031471 31.313 0.13251 -0.85938
255.27 0.00035286 28.469 0.13251 -0.85938
260.31 0.00039482 25.195 0.13245 -0.90625
265.31 0.00043488 23.875 0.13245 -0.82813
270.42 0.00049019 20.891 0.13251 -0.96875
275.43 0.00053215 19.602 0.13251 -0.76563
280.53 0.00057221 18.328 0.13239 -0.75
285.7 0.00055886 18.43 0.13245 -0.88282
289.81 0.00056839 18.633 0.13245 -0.76563
295.59 0.00056649 18.578 0.13245 -0.78125
299.91 0.00056076 19.141 0.13239 -0.78125
304.84 0.00053025 19.82 0.13239 -0.85938
309.79 0.00052643 19.992 0.13239 -0.92969
315.08 0.00049401 21.094 0.13239 -0.85938
320.33 0.00047302 22.555 0.13232 -0.74219
325.3 0.00042916 24.656 0.13239 -0.90625
330.31 0.00040245 26.274 0.13226 -0.74219
335.64 0.00036812 27.985 0.13232 -0.86719
340.66 0.0003357 30.195 0.13232 -0.75
345.61 0.00027657 35.86 0.13239 -0.83594
350.69 0.00020981 42.649 0.13232 -0.85938
354.75 0.00018692 45.992 0.13232 -0.91407
360.21 0.0001564 51.985 0.13239 -1
0.2 0.00012016 57.36 0.13239 -0.88282
5.01 9.1553E-5 64.227 0.13239 -1
9.78 6.8665E-5 69.329 0.13239 -1.0547
14.66 5.1499E-5 75.508 0.13239 -0.96875
20.55 4.9591E-5 75.493 0.13239 -1
25.1 3.624E-5 78.68 0.13239 -0.96875
29.95 6.485E-5 71.415 0.13239 -1
34.87 7.248E-5 69.055 0.13232 -0.91407
40.29 9.9183E-5 62.235 0.13239 -0.92969
45.28 0.00011826 58.742 0.13239 -0.86719
49.72 0.00011253 59.18 0.13239 -0.89844
55.38 0.00015068 52.117 0.13232 -0.8125
60.13 0.00022316 40.633 0.13232 -0.92969
64.95 0.00023651 39.485 0.13232 -0.83594
70.47 0.00030518 33.11 0.13232 -0.85938
75.53 0.00034142 29.258 0.13239 -0.83594
80.51 0.00039482 26.078 0.13232 -0.86719
85.78 0.00043679 23.977 0.13232 -0.83594
89.74 0.00046158 23.242 0.13232 -0.8125
95.07 0.0004921 21.5 0.13232 -0.78125
100.31 0.0005188 20.492 0.13239 -0.90625
105.56 0.00055313 19.774 0.13239 -0.78125
109.76 0.00055313 19.563 0.13232 -0.82813
115.28 0.00052262 20.375 0.13232 -0.8125
120.24 0.00053215 20.453 0.13226 -0.77344
125.66 0.00052834 20.094 0.13232 -0.9375
130.64 0.00048638 21.492 0.1322 -0.88282
134.96 0.00047302 22.11 0.13226 -0.82813
139.98 0.00045967 23.219 0.13226 -0.86719
145.04 0.00042725 24.016 0.13226 -0.86719
150.13 0.00041962 25.086 0.13232 -0.8125
155.11 0.00035286 29.711 0.1322 -0.85938
160.13 0.0003376 31.211 0.13226 -0.72657
165.31 0.00027466 36.188 0.13232 -0.85938
170.46 0.00022316 41.891 0.13226 -0.79688
175.41 0.00017357 50.008 0.13226 -0.92969
180.5 0.00017166 49.078 0.13226 -0.79688
185.59 0.00011063 60.813 0.13226 -0.85938
189.73 9.1553E-5 65.547 0.13232 -0.85938
195.59 6.6758E-5 71.274 0.13232 -1
200.58 6.8665E-5 70.579 0.13232 -0.89844
204.76 6.8665E-5 70.407 0.13232 -0.91407
210.64 8.3924E-5 66.969 0.13226 -0.86719
215.29 9.5368E-5 64.008 0.1322 -0.88282
220 0.0001297 55.852 0.1322 -0.92969
225.07 0.00013352 55.86 0.13226 -0.84375
230.76 0.00017166 47.867 0.13226 -0.89844
235.66 0.00018692 46.235 0.13226 -0.85938
240.44 0.00022698 40 0.1322 -0.79688
245.47 0.00024796 38.141 0.13232 -0.88282
250.29 0.00030709 31.86 0.1322 -0.8125
255.27 0.00033951 29.617 0.1322 -0.70313
260.31 0.00040436 24.742 0.1322 -0.8125
265.31 0.00045586 23.547 0.1322 -0.71094
270.42 0.00050164 20.844 0.1322 -0.8125
275.43 0.00053406 20.649 0.1322 -0.71094
280.53 0.00054932 20.195 0.13226 -0.85938
285.7 0.00057602 18.328 0.1322 -0.88282
289.81 0.00056458 18.485 0.13214 -0.79688
295.59 0.00056649 18.633 0.1322 -0.84375
299.91 0.00056458 18.735 0.1322 -0.84375
304.84 0.00054932 18.586 0.13214 -0.86719
309.79 0.0005188 20.063 0.13226 -0.82813
315.08 0.00050736 20.719 0.1322 -0.91407
320.33 0.00046921 21.938 0.13214 -0.84375
325.3 0.00041962 24.524 0.13214 -0.78125
330.31 0.00040817 25.141 0.13214 -0.84375
335.64 0.00039673 25.492 0.13214 -0.77344
340.66 0.00032425 30.524 0.1322 -0.72657
345.61 0.00024987 38.469 0.1322 -0.79688
350.69 0.00025749 37.453 0.1322 -0.82813
354.75 0.00020981 43.133 0.1322 -0.75
360.21 0.00013352 55.75 0.1322 -0.70313
0.2 0.00014687 52.735 0.1322 -0.8125
5.01 0.000103 61.633 0.13226 -0.85938
9.78 7.4387E-5 69.118 0.1322 -0.8125
14.66 5.1499E-5 75.297 0.13214 -0.44531
20.55 4.1962E-5 77.766 0.13214 -0.39063
25.1 5.9128E-5 73.602 0.1322 -0.60938
29.95 4.1962E-5 77.571 0.13226 -0.67969
34.87 8.3924E-5 66.032 0.1322 -0.60157
40.29 8.2017E-5 66.68 0.13226 -0.67188
45.28 0.00013542 55.524 0.1322 -0.77344
49.72 0.00013924 54.321 0.1322 -0.77344
55.38 0.00017929 46.539 0.1322 -0.8125
60.13 0.00020218 44.274 0.1322 -0.77344
64.95 0.00024796 38.141 0.13214 -0.67969
70.47 0.00029946 32.422 0.1322 -0.77344
75.53 0.00034905 28.906 0.1322 -0.82813
80.51 0.00040436 25.805 0.1322 -0.78125
85.78 0.00042534 24.656 0.13214 -0.74219
89.74 0.00046921 22.18 0.1322 -0.77344
95.07 0.00050164 21.133 0.1322 -0.82813
100.31 0.00053406 19.391 0.13214 -0.77344
105.56 0.00053406 20.18 0.13214 -0.67188
109.76 0.00057602 18.383 0.1322 -0.82813
115.28 0.00057793 18.625 0.13226 -0.78125
120.24 0.00054169 19.836 0.1322 -0.74219
125.66 0.00054169 19.953 0.13226 -0.75
130.64 0.00052453 20.531 0.1322 -0.72657
134.96 0.00050736 21.375 0.1322 -0.74219
139.98 0.00048256 21.867 0.1322 -0.8125
145.04 0.00044823 24.391 0.1322 -0.60157
150.13 0.00044823 23.141 0.13226 -0.75
155.11 0.00038147 26.961 0.13226 -0.64844
160.13 0.00036812 28.391 0.1322 -0.82813
165.31 0.00034142 29.836 0.13226 -0.79688
170.46 0.0002861 33.766 0.13226 -0.89844
175.41 0.00023651 39.242 0.1322 -0.79688
180.5 0.00021935 41.789 0.13226 -0.92969
185.59 0.00016976 49.633 0.1322 -1
189.73 0.00014877 52.43 0.1322 -0.96094
195.59 0.00014496 52.571 0.1322 -0.89844
200.58 0.0001297 56.985 0.13226 -1.0313
204.76 0.00013542 54.969 0.1322 -0.85938
210.64 0.00013161 55.297 0.1322 -0.92969
215.29 0.00012779 56.867 0.13214 -0.75
220 0.00016785 49.719 0.13214 -0.84375
225.07 0.00015831 50.86 0.13214 -0.88282
230.76 0.00022316 41.578 0.13214 -0.78125
235.66 0.00022698 40.938 0.13214 -0.75
240.44 0.00024796 36.922 0.13208 -0.75
245.47 0.00030327 32.735 0.13214 -0.75
250.29 0.00037194 28.266 0.1322 -0.75
255.27 0.00041199 25.531 0.13214 -0.65625
260.31 0.00044632 23.578 0.13214 -0.75
265.31 0.00048828 21.188 0.13214 -0.86719
270.42 0.00055123 19.313 0.1322 -0.64844
275.43 0.00055504 18.844 0.13214 -0.8125
280.53 0.00058937 17.844 0.13214 -0.79688
285.7 0.00061799 16.75 0.13214 -0.89844
289.81 0.00062943 16.914 0.13214 -0.85938
295.59 0.00062371 16.578 0.13208 -0.79688
299.91 0.0006466 16.594 0.13208 -0.82813
304.84 0.00058365 17.891 0.13208 -0.84375
309.79 0.00060845 16.727 0.13214 -0.85938
315.08 0.00056649 18.328 0.13202 -0.91407
320.33 0.0005436 19.313 0.13208 -0.74219
325.3 0.00048638 21.219 0.13208 -0.75
330.31 0.00045967 21.899 0.13202 -0.88282
335.64 0.00042534 23.625 0.13208 -0.82813
340.66 0.00038338 26.555 0.13202 -0.77344
345.61 0.00034905 28.695 0.13208 -0.79688
350.69 0.00031853 30.344 0.13208 -0.74219
354.75 0.00026322 36.453 0.13208 -0.80469
360.21 0.00024987 37.953 0.13208 -0.75
0.2 0.00020027 44.266 0.13208 -0.71094
5.01 0.0001564 51.157 0.13214 -1
9.78 0.00010491 61.11 0.13214 -0.8125
14.66 0.00012016 58.032 0.1322 -0.85938
20.55 0.00012589 55.594 0.13214 -0.88282
25.1 8.9646E-5 65.032 0.1322 -0.82813
29.95 0.00011444 58.5 0.1322 -0.91407
34.87 0.00013733 53.289 0.1322 -0.98438
40.29 0.00010109 60.852 0.13214 -0.88282
45.28 0.00017357 47.625 0.13214 -0.82813
49.72 0.00019074 44.992 0.13208 -0.91407
55.38 0.00024987 36.68 0.13208 -0.88282
60.13 0.0002861 33.914 0.13208 -0.82813
64.95 0.00028229 33.61 0.13214 -0.78125
70.47 0.00034905 27.852 0.13208 -0.72657
75.53 0.00037003 26.555 0.13214 -0.91407
80.51 0.00045204 22.914 0.13214 -0.85938
85.78 0.00048828 21.492 0.13214 -0.78125
89.74 0.00050164 20.508 0.13208 -0.75
95.07 0.00055886 19.235 0.13208 -0.74219
100.31 0.00056267 18.836 0.13208 -0.84375
105.56 0.0005455 19.524 0.13208 -0.72657
109.76 0.00058556 17.649 0.13208 -0.96094
115.28 0.00058175 18.922 0.13208 -0.625
120.24 0.00059891 17.61 0.13208 -0.80469
125.66 0.00058556 18.383 0.13208 -0.82813
130.64 0.00053788 19.906 0.13208 -0.74219
134.96 0.00053788 19.75 0.13214 -0.84375
139.98 0.00051308 20.406 0.13208 -0.84375
145.04 0.00048828 21.43 0.13208 -0.78125
150.13 0.00044823 23.86 0.13202 -0.67969
155.11 0.00039864 26.078 0.13208 -0.77344
160.13 0.0003891 26.266 0.13202 -0.58594
165.31 0.00031662 31.266 0.13214 -0.72657
170.46 0.00025368 38.102 0.13208 -0.625
175.41 0.00026322 36.75 0.13202 -0.72657
180.5 0.00023079 40.563 0.13202 -0.64063
185.59 0.00015831 49.938 0.13214 -0.88282
189.73 0.00011635 59.032 0.13202 -0.78125
195.59 0.00014496 53.282 0.13208 -0.79688
200.58 0.0001545 50.539 0.13208 -0.82813
204.76 0.00011635 59.946 0.13208 -0.80469
210.64 0.00011826 58.383 0.13202 -0.875
215.29 0.00012779 57.305 0.13214 -0.77344
220 0.00012207 57.555 0.13202 -0.78125
225.07 0.00019646 44.992 0.13208 -0.89844
230.76 0.00023842 38.117 0.13202 -0.8125
235.66 0.00024987 37.821 0.13202 -0.77344
240.44 0.00027657 34.399 0.13202 -0.70313
245.47 0.00032616 31.047 0.13208 -0.82813
250.29 0.00036621 27.899 0.13202 -0.67188
255.27 0.00039101 25.875 0.13202 -0.72657
260.31 0.00043869 23.711 0.13202 -0.78125
265.31 0.00049973 21.633 0.13202 -0.77344
270.42 0.00057984 18.485 0.13208 -0.72657
275.43 0.00057793 18.383 0.13208 -0.75
280.53 0.00061608 16.985 0.13202 -0.71094
285.7 0.00058747 17.602 0.13202 -0.70313
289.81 0.00060845 17.094 0.13202 -0.78125
295.59 0.00058937 17.844 0.13202 -0.88282
299.91 0.000597 17.61 0.13196 -0.72657
304.84 0.00058365 18.235 0.13196 -0.75782
309.79 0.000597 17.266 0.13196 -0.78125
315.08 0.00055695 18.789 0.13196 -0.82813
320.33 0.00055123 18.641 0.13196 -0.82813
325.3 0.00046158 22.008 0.13202 -0.84375
330.31 0.00045014 22.524 0.13196 -0.90625
335.64 0.00042343 24.172 0.13196 -0.875
340.66 0.00038338 25.86 0.13196 -0.94532
345.61 0.0003376 29.094 0.13196 -0.84375
350.69 0.00028801 34.446 0.13196 -0.77344
354.75 0.00023842 38.602 0.13196 -0.88282
360.21 0.00019646 45.235 0.13196 -0.75782
0.2 0.00017357 48.813 0.13196 -0.67969
5.01 0.00016785 49.196 0.13202 -0.70313
9.78 0.00014114 53.852 0.13202 -0.80469
14.66 0.00011444 59.25 0.13208 -0.8125
20.55 9.7275E-5 63.813 0.13202 -0.57032
25.1 0.00012398 57.649 0.13208 -0.82813
29.95 0.00011635 58.078 0.13196 -0.65625
34.87 0.00010681 60.297 0.13202 -0.8125
40.29 0.00014877 51.016 0.13208 -0.82813
45.28 0.00016785 48.703 0.13202 -0.77344
49.72 0.00019646 43.5 0.13202 -0.82813
55.38 0.00020218 43.305 0.13202 -0.78125
60.13 0.00024605 38.992 0.13202 -0.72657
64.95 0.00030518 31.86 0.13208 -0.70313
70.47 0.00031281 31.445 0.13208 -0.72657
75.53 0.00037384 26.766 0.13214 -0.92969
80.51 0.00043488 23.406 0.13208 -0.67188
85.78 0.00050164 21.735 0.13208 -0.67969
89.74 0.00051499 20.672 0.13202 -0.71094
95.07 0.0005703 18.883 0.13202 -0.78125
100.31 0.00057793 18.281 0.13202 -0.74219
105.56 0.00056076 18.938 0.13202 -0.8125
109.76 0.00060273 17.617 0.13202 -0.90625
115.28 0.00061226 16.781 0.13202 -0.80469
120.24 0.00058365 18.531 0.13202 -0.75
125.66 0.00056649 19.039 0.13202 -0.84375
130.64 0.00056649 18.781 0.13202 -0.78125
134.96 0.00054741 19.055 0.13202 -0.85938
139.98 0.00053215 20.297 0.13196 -0.625
145.04 0.00052643 20.313 0.13196 -0.67969
150.13 0.00046349 22.649 0.13196 -0.72657
155.11 0.00046158 22.57 0.13202 -0.80469
160.13 0.00041199 24.977 0.13196 -0.75782
165.31 0.00035477 28.985 0.1319 -0.67969
170.46 0.00029946 33.688 0.13196 -0.84375
175.41 0.00025559 38.383 0.13184 -0.80469
180.5 0.00022888 41.68 0.13196 -0.84375
185.59 0.00017929 48.485 0.13196 -0.78125
189.73 0.00016785 48.946 0.1319 -0.8125
195.59 0.00014305 54.227 0.13196 -0.78125
200.58 0.00015831 50.188 0.13178 -0.55469
204.76 0.00012398 58.071 0.13196 -0.71094
210.64 0.00013924 55.328 0.13196 -0.625
215.29 0.00014496 54.274 0.13184 -0.78125
220 0.00019455 44.992 0.13196 -0.88282
225.07 0.00020981 42.875 0.13184 -0.78907
230.76 0.00025177 37.524 0.13184 -0.70313
235.66 0.0002594 37.453 0.13184 -0.67969
240.44 0.00030709 31.641 0.13184 -0.77344
245.47 0.00032425 30.867 0.13184 -0.75782
250.29 0.00031853 30.828 0.13178 -0.80469
255.27 0.0004158 25.641 0.13184 -0.80469
260.31 0.00046158 22.82 0.13178 -0.74219
265.31 0.00051308 21.125 0.13178 -0.61719
270.42 0.00055123 18.695 0.13184 -0.75782
275.43 0.00056076 18.586 0.13184 -0.74219
280.53 0.00062561 17.281 0.13184 -0.6875
285.7 0.00062371 17.649 0.13184 -0.67188
289.81 0.00063324 16.93 0.13184 -0.84375
295.59 0.00059319 17.852 0.13184 -0.85938
299.91 0.00061035 17.82 0.13184 -0.80469
304.84 0.00061417 17.024 0.13178 -0.875
309.79 0.00057602 17.985 0.13178 -0.82813
315.08 0.00055695 19.094 0.13184 -0.71094
320.33 0.0005436 19.211 0.1319 -0.78125
325.3 0.0005188 20.063 0.13184 -0.78907
330.31 0.00047112 22.289 0.13184 -0.8125
335.64 0.00046158 22.617 0.13178 -0.78907
340.66 0.00039482 26.367 0.13172 -0.78907
345.61 0.00037956 26.758 0.13178 -0.82813
350.69 0.00031662 31.485 0.13178 -0.72657
354.75 0.00028229 33.766 0.13178 -0.71094
360.21 0.00023651 38.758 0.13184 -0.74219
