0.33 -0.0013733 92.079 0.21506 -2.8594
10.74 -0.0013828 92.086 0.215 -2.7188
20.33 -0.0015488 92.352 0.215 -2.6172
29.88 -0.0019512 92.946 0.21494 -2.6094
40.62 -0.0023804 93.618 0.21497 -2.5156
50.19 -0.002882 94.352 0.215 -2.3672
59.87 -0.0036259 95.485 0.21503 -2.4063
70.61 -0.0049115 97.391 0.21503 -2.625
80.63 -0.0057812 98.626 0.21503 -2.7813
90.17 -0.0066605 99.915 0.21506 -2.9297
100.55 -0.0065079 99.68 0.21506 -3.1094
110.74 -0.0060368 99.008 0.21509 -3.1875
120.83 -0.0059185 98.805 0.21509 -3.2656
129.94 -0.0056725 98.399 0.21506 -3.4297
140.15 -0.0050373 97.461 0.21509 -3.4922
150.33 -0.0045681 96.797 0.21506 -3.4922
160.41 -0.0037479 95.602 0.21509 -3.3125
170.55 -0.0029831 94.477 0.21506 -3.0313
180.67 -0.0024319 93.688 0.215 -2.8438
189.81 -0.0026665 94.04 0.21503 -2.6406
200.44 -0.0029373 94.415 0.215 -2.5859
210.07 -0.0037441 95.672 0.21494 -2.6406
220.8 -0.0043354 96.524 0.21494 -2.5156
230.33 -0.0051365 97.665 0.21497 -2.4844
240.1 -0.0059586 98.954 0.21497 -2.4844
249.86 -0.0066491 99.922 0.21503 -2.4844
259.85 -0.0075703 101.23 0.21506 -2.6953
270.38 -0.0077515 101.45 0.21509 -2.8906
280.55 -0.007288 100.84 0.21509 -2.9375
290.77 -0.0066605 99.852 0.21512 -3.1875
299.81 -0.0065937 99.821 0.21509 -3.1875
310 -0.0055657 98.344 0.21512 -3.1875
320.32 -0.005064 97.579 0.21506 -3.3906
330.43 -0.0043965 96.563 0.21506 -3.4297
340.56 -0.0031548 94.751 0.21509 -3.1641
350.51 -0.0021572 93.266 0.21512 -2.8516
360.33 -0.0010281 91.547 0.21509 -2.6641
0.33 -0.0012055 91.829 0.21506 -2.6328
10.74 -0.00065804 90.993 0.21503 -2.3828
20.33 -0.0011578 91.758 0.215 -2.4609
29.88 -0.0015068 92.29 0.215 -2.4531
40.62 -0.0021477 93.227 0.21494 -2.4141
50.19 -0.0026531 94.047 0.215 -2.2656
59.87 -0.0032673 94.977 0.215 -2.0703
70.61 -0.0040779 96.126 0.21506 -2.3438
80.63 -0.0053864 98.086 0.21506 -2.6172
90.17 -0.0060425 99.047 0.21509 -2.7109
100.55 -0.0059796 98.93 0.21515 -2.9063
110.74 -0.0056534 98.446 0.21512 -3.0313
120.83 -0.0055714 98.336 0.21509 -3.125
129.94 -0.0053349 97.946 0.21509 -3.2422
140.15 -0.0047875 97.172 0.21503 -3.3906
150.33 -0.0045681 96.821 0.215 -3.4766
160.41 -0.0037079 95.555 0.215 -3.2656
170.55 -0.0028401 94.305 0.21506 -2.9688
180.67 -0.0022469 93.376 0.215 -2.8203
189.81 -0.0024128 93.657 0.21497 -2.5547
200.44 -0.0030117 94.555 0.21491 -2.5078
210.07 -0.0036144 95.469 0.21491 -2.3828
220.8 -0.0043717 96.555 0.21494 -2.4375
230.33 -0.0048561 97.336 0.21491 -2.2813
240.1 -0.0054493 98.227 0.21491 -2.2813
249.86 -0.0066872 100.02 0.21497 -2.3906
259.85 -0.0071125 100.56 0.215 -2.5625
270.38 -0.0077286 101.49 0.21506 -2.7656
280.55 -0.0074292 100.98 0.21512 -2.9531
290.77 -0.0067845 100.09 0.21512 -2.9688
299.81 -0.0062809 99.368 0.21512 -3.125
310 -0.0057888 98.618 0.21509 -3.2656
320.32 -0.0054341 98.11 0.21506 -3.5
330.43 -0.0044518 96.68 0.215 -3.4688
340.56 -0.0032196 94.844 0.21506 -3.3125
350.51 -0.0022125 93.344 0.21509 -2.9609
360.33 -0.0011368 91.727 0.21506 -2.7969
0.33 -0.0011311 91.719 0.21506 -2.6641
10.74 -0.00082779 91.282 0.215 -2.5
20.33 -0.0012512 91.899 0.21497 -2.4609
29.88 -0.0016632 92.516 0.21497 -2.5859
40.62 -0.0025158 93.813 0.21494 -2.5547
50.19 -0.0032139 94.836 0.21494 -2.4766
59.87 -0.0036125 95.446 0.215 -2.2813
70.61 -0.0047055 97.094 0.21497 -2.5156
80.63 -0.0056897 98.501 0.215 -2.7422
90.17 -0.0064068 99.501 0.21509 -2.875
100.55 -0.0062161 99.29 0.21509 -2.9375
110.74 -0.0059662 98.915 0.21515 -2.9531
120.83 -0.0054856 98.165 0.21512 -3.0547
129.94 -0.0053444 97.946 0.21512 -3.2109
140.15 -0.0045166 96.758 0.21506 -3.3359
150.33 -0.0043984 96.563 0.215 -3.5
160.41 -0.0032959 94.954 0.21506 -3.1875
170.55 -0.002842 94.274 0.21506 -3
180.67 -0.0021401 93.219 0.21503 -2.7344
189.81 -0.0020695 93.126 0.21503 -2.5156
200.44 -0.0028916 94.352 0.21503 -2.4766
210.07 -0.0034466 95.227 0.21503 -2.4375
220.8 -0.0044136 96.649 0.21503 -2.4063
230.33 -0.0048332 97.274 0.21509 -2.2813
240.1 -0.0055485 98.336 0.21506 -2.1563
249.86 -0.006445 99.665 0.21509 -2.3281
259.85 -0.0074196 101.06 0.21509 -2.5156
270.38 -0.0074806 101.07 0.21512 -2.7656
280.55 -0.0072213 100.71 0.21518 -2.9922
290.77 -0.0066452 99.86 0.21524 -3.0313
299.81 -0.0063076 99.415 0.21524 -3.0469
310 -0.0058098 98.68 0.21518 -3.1797
320.32 -0.0051232 97.696 0.21518 -3.3516
330.43 -0.0044136 96.618 0.21521 -3.4297
340.56 -0.0035019 95.266 0.21521 -3.2656
350.51 -0.0019703 92.985 0.21524 -2.8516
360.33 -0.0011616 91.751 0.21521 -2.625
