Time X DEG X DEG
0 0.16623 0.60938 0.28931 2.0703
5.0000005 0.16449 0.63282 0.28449 2.1719
10 0.14377 0.26563 0.25446 0.25781
15 0.14929 0.40625 0.26441 0.55469
20 0.17059 0.89844 0.29761 2.2969
25 0.14938 0.51563 0.26392 0.67188
30 0.1453 0.63282 0.25598 0.67969
35 0.1586 0.86719 0.28009 1.4531
40.000001 0.17554 1.1563 0.30615 2.5
45 0.15778 0.90625 0.27686 1.3984
50 0.15503 0.89844 0.27295 1.1953
55 0.17398 1.125 0.3064 1.9688
60 0.18247 1.3203 0.31885 2.5547
65 0.17688 1.2031 0.3114 2.0625
70 0.16855 1.1484 0.29657 1.7031
75.000001 0.18921 1.2813 0.33521 2.1953
80 0.19028 1.3984 0.33301 2.5313
85 0.19019 1.2344 0.33618 2.1094
90 0.194 1.3359 0.34259 2.2656
95 0.19684 1.3438 0.3465 2.3047
100 0.18735 1.2891 0.32984 2.0156
105 0.20053 1.3438 0.3526 2.2734
110 0.19544 1.1719 0.3479 1.8047
115 0.2049 1.2969 0.35883 2.2969
120 0.20096 1.0313 0.35889 1.6484
125 0.20865 1.2109 0.3656 2.1563
130 0.2048 0.96875 0.36621 1.5313
135 0.21289 1.125 0.37232 2.0938
140 0.20657 0.85938 0.36951 1.3906
145 0.21625 0.97657 0.37824 1.9063
150 0.20957 0.71875 0.37372 1.2813
155 0.22043 0.85157 0.38465 1.7813
160 0.21356 0.65625 0.37842 1.2813
165 0.22339 0.66407 0.38947 1.5938
170 0.21658 0.5 0.37903 1.3047
175 0.22504 0.46094 0.39258 1.3672
180 0.21662 0.51563 0.37543 1.3906
185 0.2041 0.80469 0.34925 1.7109
190 0.22312 0.25 0.38605 1.1797
195 0.20813 0.58594 0.35572 1.5078
200 0.2265 -0.03125 0.39185 0.89844
205 0.21076 0.57813 0.35846 1.5703
210 0.22446 -0.13281 0.38623 0.84375
215 0.21063 0.47656 0.35657 1.5156
220 0.22739 -0.42969 0.3913 0.54688
225 0.21094 0.51563 0.35517 1.6094
230 0.22931 -0.69532 0.3935 0.33594
235 0.21298 0.5 0.35602 1.6875
240 0.22928 -0.92188 0.39234 0.13281
245 0.20963 -0.23438 0.36023 0.61719
250 0.1835 -0.32031 0.32819 -0.20313
255 0.20755 -0.77344 0.3595 0.10156
260 0.18265 -1.0547 0.32984 -0.92969
265 0.20603 -1.6172 0.35968 -0.86719
270 0.13825 0.44531 0.2699 -1
275 0.14124 0.39063 0.27082 -0.75
280 0.13797 0.60938 0.26593 -0.73438
285 0.13815 0.64063 0.26447 -0.59375
290 0.13831 0.74219 0.26337 -0.46875
295 0.13617 0.90625 0.26007 -0.36719
300 0.13907 0.83594 0.26209 -0.23438
305 0.1355 1.0859 0.25714 -0.17188
310 0.13928 1.0078 0.26013 0
315 0.13394 1.3594 0.2533 0.023438
320 0.13779 1.2578 0.25708 0.14844
325 0.13629 1.3516 0.25458 0.21875
330 0.13422 1.6172 0.25135 0.30469
335 0.13712 1.5078 0.25427 0.4375
340 0.13431 1.8203 0.25019 0.52344
345 0.13831 1.6328 0.25446 0.625
350 0.13419 1.9453 0.24909 0.69532
355 0.14151 1.6875 0.25763 0.85157
360 0.13525 2.0938 0.24963 0.89063
365 0.14215 1.8203 0.25763 1
370 0.13754 2.1172 0.25159 1.0469
375 0.14282 2.1094 0.25788 1.2344
380 0.14121 2.1172 0.25568 1.2188
385 0.13849 2.4531 0.25165 1.3281
390 0.14505 2.2188 0.25983 1.4609
395 0.13977 2.5 0.25281 1.4688
400 0.14804 2.3438 0.26319 1.6406
405 0.14636 2.1719 0.26032 1.5391
410 0.14224 2.7266 0.25513 1.7188
415 0.15042 2.4219 0.26575 1.8125
420 0.14429 2.7031 0.25745 1.8203
425 0.15051 2.7109 0.26538 2.0078
430 0.1572 -1.2734 0.26636 -0.062501
435 0.14615 2.9609 0.25916 2.0703
440 0.15622 2.6563 0.2724 2.1719
445 0.15286 2.2578 0.26691 1.8828
450 0.14905 3.0547 0.26239 2.25
455 0.15704 -0.21094 0.26691 0.73438
460 0.15347 2.7188 0.2677 2.2031
465 0.15552 3.0703 0.27069 2.4453
470 0.15643 0.14844 0.2666 1.0313
475 0.15579 2.6797 0.27008 2.3125
480 0.15927 3.1016 0.27527 2.5781
485 0.15689 0.71094 0.26795 1.3984
490 0.15875 2.5313 0.27344 2.3359
495 0.1626 3.1953 0.27942 2.7344
500 0.15946 1.0469 0.27198 1.6797
505 0.16242 2.5859 0.27838 2.4531
510 0.16254 3.3281 0.27906 2.8516
515 0.15949 1.0547 0.27191 1.7266
520 0.16312 2.0313 0.27826 2.25
525 0.16635 3.2266 0.28418 2.8672
530 0.1749 2.9688 0.29553 2.8672
535 0.16882 2.1797 0.2865 2.4141
540 0.16986 2.7891 0.28845 2.75
545 0.17218 3.3828 0.29169 3.0938
550 0.16486 1.5781 0.28003 2.1953
555 0.16974 2.4375 0.2876 2.6563
560 0.17468 3.2266 0.29511 3.0703
565 0.18094 3.1406 0.30359 3.0938
570 0.16904 1.875 0.28644 2.4063
575 0.17682 2.8438 0.29785 2.9453
580 0.18009 3.3281 0.30249 3.2188
585 0.1879 2.9219 0.31275 3.0547
590 0.17282 2.1719 0.29193 2.6328
595 0.18054 2.7656 0.30292 2.9453
600 0.18552 3.2891 0.30982 3.2578
605 0.16934 1.5938 0.28748 2.3359
610 0.17694 2.2969 0.29798 2.7578
615 0.185 2.8828 0.30908 3.1172
620 0.19064 3.2969 0.31671 3.3438
625 0.17447 1.9141 0.29499 2.6016
630 0.18213 2.4766 0.30542 2.9375
635 0.19025 2.8516 0.31635 3.1016
640 0.19589 3.1797 0.32367 3.3281
645 0.17829 1.8672 0.3009 2.625
650 0.18573 2.2813 0.31073 2.8438
655 0.19452 2.8125 0.32251 3.1484
660 0.20004 3.1484 0.32971 3.3359
665 0.18228 1.9063 0.30695 2.6328
670 0.19064 2.4297 0.31806 2.9922
675 0.19779 2.6406 0.32746 3.0703
680 0.2041 2.9219 0.3357 3.2266
685 0.18457 2.1719 0.31092 2.8984
690 0.19165 2.1719 0.32019 2.8281
695 0.19916 2.4297 0.32977 2.9766
700 0.20639 2.7969 0.33899 3.1797
705 0.18512 1.8438 0.31256 2.6797
710 0.19306 2.0156 0.32276 2.7578
715 0.20166 2.2188 0.33386 2.8438
720 0.2085 2.4531 0.34247 2.9844
725 0.21478 2.7734 0.35028 3.1797
730 0.19315 1.8906 0.32385 2.7266
735 0.20172 2.1484 0.3346 2.8672
740 0.20792 2.2266 0.34241 2.8672
745 0.21536 2.5547 0.35169 3.0703
750 0.22037 2.5313 0.35779 3.0625
755 0.19928 2.0625 0.33252 2.8359
760 0.20758 2.1172 0.3429 2.8125
765 0.216 2.2344 0.35346 2.8672
770 0.22272 2.4609 0.36163 2.9922
775 0.19443 1.9219 0.32776 2.75
780 0.20413 1.5859 0.3393 2.5234
785 0.21274 1.625 0.34967 2.5313
790 0.21909 2.125 0.35791 2.8281
795 0.22928 1.1328 0.36823 2.2656
800 0.20169 1.3047 0.33734 2.3359
805 0.21124 1.125 0.34772 2.2813
810 0.2208 0.46094 0.35785 1.8594
815 0.23178 -0.49219 0.36878 1.2188
820 0.19779 0.33594 0.33118 1.8359
825 0.21134 -0.49219 0.34503 1.3125
830 0.22205 -1.2266 0.35547 0.85157
835 0.23142 -1.9922 0.36426 0.35938
840 0.19113 0.53907 0.32514 1.9609
845 0.203 -0.16406 0.33673 1.5469
850 0.21353 -0.875 0.34674 1.0781
855 0.22669 -2.1719 0.35749 0.25781
860 0.21515 -2 0.34204 0.375
865 0.20023 -0.98438 0.33179 1.0313
870 0.21472 -2.1484 0.3432 0.28125
875 0.22516 -2.9063 0.35187 -0.22656
880 0.2287 -3.3047 0.35407 -0.46875
885 0.1832 0.4375 0.31861 1.9063
890 0.19867 -1 0.32965 1.0625
895 0.21433 -2.6172 0.33972 0
900 0.22272 -3.4219 0.34534 -0.54688
905 0.21512 -3.1094 0.336 -0.44531
910 0.21457 -3.1563 0.33533 -0.44531
915 0.19113 -0.60938 0.32526 1.1484
920 0.2059 -2.2891 0.33197 0.19531
925 0.21686 -3.5391 0.33637 -0.59375
930 0.20929 -3.1875 0.32739 -0.45313
935 0.20987 -3.3125 0.32776 -0.49219
940 0.21024 -3.4063 0.32782 -0.53125
945 0.16892 3.0781 0.31806 3.375
950 0.21127 -3.625 0.32794 -0.60157
955 0.2052 -3.3281 0.32099 -0.46875
960 0.2049 -3.3984 0.32019 -0.50782
965 0.20535 -3.5469 0.32038 -0.57813
970 0.20532 -3.6328 0.31977 -0.60157
975 0.203 -3.4609 0.31677 -0.49219
980 0.19974 -3.3438 0.31293 -0.45313
985 0.19992 -3.4609 0.31287 -0.5
990 0.19959 -3.5625 0.31214 -0.54688
995 0.19946 -3.6484 0.31159 -0.57032
1000 0.1994 -3.6875 0.3111 -0.54688
1005 0.19522 -3.3828 0.3064 -0.41406
1010 0.19482 -3.4766 0.30561 -0.45313
1015 0.19422 -3.5313 0.30451 -0.46875
1020 0.19379 -3.6016 0.30365 -0.49219
1025 0.19379 -3.6875 0.30341 -0.5
1030 0.19013 -3.2656 0.29956 -0.30469
1035 0.18964 -3.3438 0.29865 -0.33594
1040 0.18948 -3.4688 0.2981 -0.38281
1045 0.18912 -3.5703 0.29737 -0.42969
1050 0.18872 -3.6484 0.29651 -0.44531
1055 0.18588 -3.25 0.29358 -0.22656
1060 0.18509 -3.2344 0.29248 -0.21875
1065 0.18457 -3.3359 0.29144 -0.25
1070 0.18378 -3.4453 0.29004 -0.28906
1075 0.18295 -3.5 0.2887 -0.3125
1080 0.18241 -3.5703 0.28778 -0.3125
1085 0.18039 -3.0781 0.28626 -0.062501
1090 0.17938 -3.0469 0.28497 -0.039063
1095 0.17896 -3.1641 0.28412 -0.093751
1100 0.17865 -3.3125 0.28333 -0.15625
1105 0.17832 -3.4453 0.28266 -0.21094
1110 0.17786 -3.4922 0.28186 -0.21094
1115 0.17682 -2.9766 0.28174 0.054688
1120 0.17618 -2.9922 0.28089 0.054688
1125 0.17542 -3.0625 0.2796 0.039063
1130 0.17465 -3.1563 0.27838 0
1135 0.17371 -3.2188 0.2768 0
1140 0.17316 -3.3281 0.27582 -0.039063
1145 0.17279 -3.3438 0.27533 -0.023438
1150 0.17261 -2.7656 0.27667 0.23438
1155 0.172 -2.7969 0.27582 0.22656
1160 0.17136 -2.8906 0.27472 0.1875
1165 0.17084 -2.9688 0.27399 0.15625
1170 0.17017 -3.0781 0.27277 0.11719
1175 0.16947 -3.1797 0.27155 0.085938
1180 0.1691 -3.2266 0.27094 0.10156
1185 0.16962 -2.6797 0.27295 0.35938
1190 0.16901 -2.5938 0.2724 0.40625
1195 0.16831 -2.6563 0.27136 0.38281
1200 0.16767 -2.7891 0.27027 0.32031
1205 0.16696 -2.8359 0.26923 0.30469
1210 0.16623 -2.9453 0.26807 0.27344
1215 0.16544 -3.0391 0.26666 0.25
1220 0.16626 -2.7969 0.26831 0.40625
1225 0.16647 -2.4063 0.26972 0.57813
1230 0.16635 -2.3047 0.2699 0.59375
1235 0.16556 -2.2813 0.2688 0.61719
1240 0.16522 -2.375 0.26831 0.57032
1245 0.16416 -2.5391 0.26654 0.51563
1250 0.16324 -2.6563 0.26508 0.46875
1255 0.16229 -2.7734 0.26361 0.42188
1260 0.16147 -2.875 0.26227 0.40625
1265 0.16235 -2.6016 0.26398 0.61719
1270 0.16321 -2.1719 0.26624 0.75782
1275 0.16321 -2.1094 0.26648 0.77344
1280 0.16257 -2.1797 0.26557 0.74219
1285 0.16184 -2.2266 0.26459 0.74219
1290 0.16049 -2.4297 0.26227 0.66407
1295 0.16004 -2.4375 0.26178 0.66407
1300 0.15912 -2.4844 0.26032 0.67188
1305 0.15811 -2.6172 0.25885 0.625
1310 0.15769 -2.625 0.2583 0.65625
1315 0.15979 -2.1953 0.26209 0.86719
1320 0.16132 -1.8047 0.26514 0.97657
1325 0.16132 -1.7344 0.26538 1
1330 0.16058 -1.6094 0.26434 1.0859
1335 0.15943 -1.5078 0.26282 1.1328
1340 0.15946 -0.36719 0.26404 1.7188
1345 0.15915 0.96094 0.26483 2.375
1350 0.15915 -1.9375 0.26245 0.88282
1355 0.15506 -2.4141 0.25574 0.78907
1360 0.15585 -2.25 0.25739 0.92969
1365 0.15781 -1.8438 0.26068 1.0859
1370 0.1586 -1.6484 0.26227 1.1563
1375 0.15894 -1.5703 0.26312 1.1641
1380 0.15814 -1.6094 0.26197 1.1797
1385 0.15787 -1.2813 0.26184 1.3438
1390 0.15695 -1.3203 0.26068 1.3438
1395 0.15531 -1.8594 0.25781 1.0781
1400 0.15436 -2.0156 0.25641 1.0078
1405 0.15293 -2.1484 0.25421 0.98438
1410 0.15219 -2.1875 0.25324 0.98438
1415 0.15207 -2.1406 0.25318 1.0313
1420 0.15317 -1.9766 0.25525 1.1406
1425 0.15491 -1.6875 0.258 1.2422
1430 0.15622 -1.4219 0.26044 1.3203
1435 0.15796 -1.0156 0.26343 1.4922
1440 0.15784 -0.94532 0.26331 1.5156
1445 0.15851 -0.44531 0.26483 1.7578
1450 0.15881 0 0.26544 1.9922
1455 0.15946 0.48438 0.26679 2.2344
1460 0.16071 1.1094 0.2688 2.5469
1465 0.16068 1.3672 0.26911 2.6875
1470 0.16269 2.1016 0.27228 3.0156
1475 0.15762 -1.0781 0.26331 1.2969
1480 0.15161 -1.6953 0.25452 1.2969
1485 0.15259 -1.5078 0.25617 1.375
1490 0.15421 -1.2969 0.25885 1.4453
1495 0.15509 -1.1484 0.26026 1.5078
1500 0.15619 -0.96094 0.26215 1.5625
1505 0.15555 -0.98438 0.26123 1.5703
1510 0.15656 -0.83594 0.263 1.625
1515 0.15573 -0.77344 0.26184 1.6719
1520 0.15591 -0.60938 0.26209 1.7578
1525 0.15595 -0.26563 0.26245 1.9531
1530 0.15683 -0.015625 0.26398 2.0781
1535 0.15265 -1.1406 0.2572 1.4922
1540 0.14932 -1.5703 0.25214 1.3438
1545 0.14819 -1.5234 0.25092 1.4766
1550 0.14832 -1.4922 0.25135 1.5
1555 0.15116 -1.1641 0.2558 1.6172
1560 0.15091 -1.1563 0.2555 1.625
1565 0.15405 -0.75 0.26038 1.7734
1570 0.1557 -0.57813 0.263 1.7969
1575 0.15631 -0.39063 0.26404 1.8984
1580 0.15778 -0.054688 0.26648 2.0391
1585 0.15839 0.11719 0.26727 2.1406
1590 0.15796 0.15625 0.26685 2.1719
1595 0.15952 0.48438 0.26929 2.3125
1600 0.16068 0.78907 0.271 2.4766
1605 0.16144 0.96875 0.27216 2.5547
1610 0.16248 1.2266 0.27387 2.7109
1615 0.16397 1.6563 0.27637 2.9297
1620 0.16416 1.75 0.27649 2.9688
1625 0.16535 1.9063 0.27832 3.0313
1630 0.16748 2.2969 0.28168 3.2266
1635 0.16852 2.5313 0.28314 3.3594
1640 0.15109 -0.70313 0.25733 1.8359
1645 0.15247 -0.64063 0.25971 1.8594
1650 0.15274 -0.5625 0.26038 1.8828
1655 0.155 -0.35938 0.2638 1.9219
1660 0.15607 -0.16406 0.26532 2.0156
1665 0.15686 -0.054688 0.26666 2.0625
1670 0.15604 -0.078126 0.26563 2.0703
1675 0.15692 0.13281 0.26679 2.1797
1680 0.15656 0.26563 0.26648 2.2734
1685 0.15772 0.375 0.26831 2.2813
1690 0.15912 0.71875 0.27045 2.4766
1695 0.15872 0.65625 0.26978 2.4531
1700 0.16089 1.0703 0.27319 2.6563
1705 0.16324 1.4453 0.27674 2.8672
1710 0.15985 0.85157 0.27124 2.5234
1715 0.14615 -0.82813 0.25202 1.8672
1720 0.14694 -0.75782 0.25318 1.9063
1725 0.14865 -0.57032 0.25592 1.9609
1730 0.15183 -0.28125 0.26081 2.0625
1735 0.15167 -0.32031 0.26062 2.0234
1740 0.15357 -0.1875 0.26337 2.0547
1745 0.15665 0.17188 0.2677 2.2031
1750 0.15543 0.046875 0.26618 2.1563
1755 0.15637 0.24219 0.26752 2.2578
1760 0.15753 0.35938 0.26941 2.2891
1765 0.15885 0.63282 0.27149 2.4531
1770 0.15854 0.59375 0.271 2.4375
1775 0.15866 0.64844 0.27112 2.4766
1780 0.16062 0.97657 0.27417 2.6563
1785 0.16199 1.2109 0.27613 2.7578
1790 0.16333 1.3125 0.27814 2.7891
1795 0.16431 1.4063 0.27954 2.8047
1800 0.16437 1.5234 0.2796 2.8828
1805 0.1655 1.7422 0.28144 3.0156
1810 0.16782 1.9844 0.28467 3.1328
1815 0.1677 1.9688 0.28461 3.1328
1820 0.17093 2.3594 0.28925 3.3203
1825 0.14996 -0.16406 0.25958 2.1406
1830 0.15137 -0.054688 0.26178 2.1797
1835 0.15235 0.039063 0.26325 2.2188
1840 0.15192 -0.03125 0.2627 2.1641
1845 0.15531 0.25 0.2674 2.2656
1850 0.15537 0.26563 0.2677 2.2734
1855 0.15515 0.21094 0.26752 2.2344
1860 0.15647 0.35156 0.26947 2.2891
1865 0.15741 0.59375 0.27088 2.4453
1870 0.15769 0.67188 0.27149 2.4688
1875 0.15787 0.65625 0.27161 2.4609
1880 0.15869 0.89063 0.27307 2.625
1885 0.15976 0.98438 0.27454 2.6563
1890 0.15897 0.89844 0.27344 2.5938
1895 0.15939 1.0547 0.27417 2.7109
1900 0.16095 1.1094 0.27637 2.7031
1905 0.16107 1.2813 0.27686 2.8359
1910 0.16055 1.2188 0.27588 2.7891
1915 0.16327 1.5234 0.28015 2.9375
1920 0.16269 1.3984 0.27893 2.8438
1925 0.16226 1.3672 0.27875 2.8438
1930 0.1648 1.5234 0.28217 2.8906
1935 0.16657 1.7734 0.28485 3.0391
1940 0.14548 -0.078126 0.25507 2.2813
1945 0.1463 -0.0078126 0.25641 2.3047
1950 0.14694 0.046875 0.25733 2.3203
1955 0.14765 0.10156 0.25843 2.3516
1960 0.14765 0.125 0.25867 2.3672
1965 0.14935 0.21875 0.26123 2.375
1970 0.15302 0.40625 0.26599 2.3984
1975 0.15164 0.40625 0.26459 2.4531
1980 0.15149 0.38281 0.26428 2.4219
1985 0.15317 0.46094 0.26685 2.4297
1990 0.15439 0.63282 0.26844 2.5078
1995 0.15369 0.51563 0.26758 2.4531
2000 0.15476 0.67188 0.26917 2.5313
2005 0.15582 0.6875 0.27057 2.5234
2010 0.15674 0.76563 0.27222 2.5547
2015 0.15497 0.67969 0.26965 2.5313
2020 0.15753 0.92969 0.27332 2.6719
2025 0.15805 0.92188 0.27405 2.625
2030 0.15939 1.0625 0.27606 2.6875
2035 0.16077 1.1641 0.27802 2.7422
2040 0.16238 1.2188 0.2804 2.7266
2045 0.16364 1.3906 0.28211 2.8359
2050 0.1644 1.625 0.2832 3.0156
2055 0.16361 1.4922 0.28217 2.9219
2060 0.16583 1.625 0.2854 2.9375
2065 0.16586 1.7734 0.28528 3.0703
2070 0.16617 1.7813 0.28601 3.0625
2075 0.16779 1.7891 0.28833 3.0234
2080 0.16916 2 0.29022 3.1484
2085 0.16886 1.9766 0.2898 3.125
2090 0.16855 1.9375 0.28943 3.125
2095 0.17032 1.9375 0.29199 3.0703
2100 0.17123 2.1016 0.29315 3.1484
2105 0.1734 2.4375 0.29627 3.3906
2110 0.17282 2.3984 0.29566 3.3672
2115 0.17426 2.5625 0.29755 3.4688
2120 0.17569 2.6094 0.2995 3.4453
2125 0.1738 2.5234 0.29694 3.4375
2130 0.17539 2.5938 0.29913 3.4531
2135 0.17478 2.5391 0.2984 3.4219
2140 0.17551 2.5547 0.29944 3.4219
2145 0.17685 2.6563 0.30139 3.4609
2150 0.17847 2.7891 0.30371 3.5313
2155 0.17755 2.8438 0.30237 3.5859
2160 0.17682 2.7891 0.30133 3.5625
2165 0.17703 2.6563 0.30194 3.4609
2170 0.17676 2.7656 0.30152 3.5391
2175 0.17841 2.7656 0.30371 3.4922
2180 0.17954 2.9922 0.30542 3.6563
2185 0.17944 2.875 0.30512 3.5625
2190 0.18021 3.0313 0.30609 3.6719
2195 0.18009 3.0313 0.30609 3.6563
2200 0.18048 3.0234 0.3067 3.6406
2205 0.15546 0.89063 0.27216 2.5703
2210 0.15637 1.0703 0.2735 2.7031
2215 0.15653 0.98438 0.27399 2.6328
2220 0.15714 1.0313 0.27484 2.6484
2225 0.1572 1.1094 0.27497 2.7109
2230 0.15787 1.2344 0.276 2.7969
2235 0.15924 1.2578 0.27789 2.7656
2240 0.15988 1.2891 0.27875 2.7969
2245 0.16132 1.2891 0.28082 2.7344
2250 0.16141 1.375 0.28101 2.7969
2255 0.1604 1.1953 0.27979 2.6875
2260 0.16297 1.5703 0.2832 2.9297
2265 0.16132 1.3516 0.28101 2.7891
2270 0.16068 1.3203 0.28003 2.7813
2275 0.16147 1.3594 0.28125 2.7891
2280 0.16327 1.3516 0.28363 2.7578
2285 0.16388 1.5547 0.28467 2.8906
2290 0.16361 1.5313 0.28424 2.875
2295 0.16626 1.7109 0.28803 2.9531
2300 0.1662 1.6953 0.28797 2.9609
2305 0.16516 1.6719 0.28656 2.9609
2310 0.16721 1.75 0.28937 2.9766
2315 0.16855 1.8906 0.29114 3.0547
2320 0.16916 1.9531 0.29212 3.0781
2325 0.16907 2.0078 0.29206 3.125
2330 0.16818 2.0078 0.2909 3.1563
2335 0.17035 2.1094 0.29364 3.1797
2340 0.17154 2.2656 0.29535 3.2813
2345 0.17459 2.4531 0.29975 3.375
2350 0.17358 2.2969 0.29816 3.2422
2355 0.17322 2.3594 0.29749 3.3047
2360 0.1731 2.375 0.29749 3.3281
2365 0.17322 2.3516 0.29767 3.3125
2370 0.17465 2.3359 0.29975 3.2656
2375 0.17569 2.4766 0.30115 3.3594
2380 0.17435 2.4219 0.2992 3.3359
2385 0.1781 2.7266 0.30451 3.5078
2390 0.17792 2.6875 0.30414 3.4609
2395 0.17963 2.875 0.30676 3.5938
2400 0.17963 2.9141 0.30664 3.6172
2405 0.18066 2.9688 0.30817 3.6406
2410 0.18192 3.0469 0.30994 3.6719
2415 0.18079 2.875 0.30829 3.5625
2420 0.18057 2.8828 0.30799 3.5938
2425 0.18012 2.8906 0.3075 3.5938
2430 0.15506 1.1328 0.27259 2.7891
2435 0.15521 1.0234 0.27277 2.7031
2440 0.15601 1.2109 0.27387 2.8516
2445 0.15766 1.1328 0.27637 2.7344
2450 0.15778 1.2578 0.27637 2.8359
2455 0.15943 1.2813 0.27869 2.8125
2460 0.16086 1.2969 0.2807 2.8047
2465 0.16171 1.4609 0.28192 2.9063
2470 0.16193 1.2813 0.28229 2.7344
2475 0.16464 1.6953 0.28613 3.0391
2480 0.1658 1.7813 0.2876 3.0703
2485 0.16592 1.8359 0.28791 3.1172
2490 0.16626 1.7656 0.28845 3.0391
2495 0.16751 1.8359 0.29029 3.0469
2500 0.16718 1.9219 0.28992 3.1641
2505 0.1676 1.7734 0.29029 3.0156
2510 0.17102 2.0625 0.29535 3.1797
2515 0.17087 2.1406 0.29499 3.2266
2520 0.17063 2.1172 0.29456 3.2266
2525 0.17227 2.1719 0.297 3.2266
2530 0.17163 2.0938 0.29627 3.1953
2535 0.17459 2.4297 0.3006 3.4063
2540 0.17325 2.25 0.29834 3.2813
2545 0.17575 2.5391 0.30207 3.4688
2550 0.17584 2.5156 0.30194 3.4297
2555 0.17456 2.375 0.30023 3.3594
2560 0.17819 2.5391 0.30542 3.3828
2565 0.17758 2.5391 0.30451 3.4141
2570 0.17716 2.4766 0.30408 3.3906
2575 0.17886 2.6328 0.30658 3.4609
2580 0.17975 2.6641 0.3078 3.4609
2585 0.1795 2.6875 0.30738 3.4922
2590 0.18027 2.8047 0.30847 3.5703
2595 0.1817 2.8984 0.31049 3.6172
2600 0.18158 2.7969 0.31055 3.5391
2605 0.1814 2.8516 0.31024 3.5938
2610 0.18271 2.8438 0.31207 3.5625
2615 0.1828 3 0.31201 3.6719
2620 0.1846 3.0469 0.31464 3.6953
2625 0.1857 3.1641 0.31635 3.75
2630 0.18405 3.0234 0.31378 3.6719
2635 0.18399 3.0234 0.31372 3.6875
2640 0.18427 3.0234 0.31427 3.6563
2645 0.18695 3.2109 0.31818 3.7734
2650 0.18662 3.2031 0.31751 3.7656
2655 0.18674 3.2422 0.31781 3.7969
2660 0.18765 3.3047 0.31909 3.8281
2665 0.18741 3.2734 0.31879 3.8203
2670 0.18747 3.2969 0.31885 3.8281
2675 0.18799 3.3281 0.31958 3.8516
2680 0.18765 3.3125 0.31916 3.8516
2685 0.18912 3.3438 0.32105 3.875
2690 0.16608 1.7031 0.2887 3.0234
2695 0.16644 1.7266 0.28919 3.0625
2700 0.1677 1.7266 0.29102 3.0156
2705 0.16721 1.7422 0.29035 3.0313
2710 0.16855 1.75 0.29224 2.9922
2715 0.1709 2.0938 0.29572 3.2422
2720 0.17142 1.9297 0.29645 3.1016
2725 0.17169 1.9844 0.29688 3.1406
2730 0.17331 2.2188 0.2992 3.2891
2735 0.17194 1.9922 0.29724 3.1328
2740 0.17361 2.2188 0.29969 3.2813
2745 0.1727 2.1953 0.29816 3.2813
2750 0.17334 2.1172 0.29932 3.2109
2755 0.17386 2.1172 0.30011 3.2031
2760 0.17429 2.2031 0.30078 3.2578
2765 0.17548 2.3984 0.30249 3.3984
2770 0.17658 2.375 0.30402 3.3516
2775 0.17578 2.3125 0.3028 3.3203
2780 0.17731 2.4844 0.3053 3.4375
2785 0.18015 2.6094 0.30939 3.4609
2790 0.17789 2.3516 0.30597 3.3125
2795 0.17859 2.4063 0.30707 3.3359
2800 0.17883 2.5313 0.30768 3.4297
2805 0.1778 2.4531 0.30591 3.4063
2810 0.17856 2.4766 0.30701 3.3828
2815 0.18091 2.6016 0.31049 3.4609
2820 0.18054 2.6563 0.30994 3.5156
2825 0.17899 2.3516 0.30786 3.3047
2830 0.18109 2.6094 0.31098 3.4609
2835 0.18158 2.6016 0.31177 3.4297
2840 0.18216 2.7266 0.3125 3.5156
2845 0.18384 2.7891 0.31488 3.5234
2850 0.18421 2.8203 0.31537 3.5469
2855 0.18399 2.7891 0.31519 3.5234
2860 0.18472 2.8906 0.31635 3.6016
2865 0.18405 2.8906 0.31525 3.6172
2870 0.18509 2.8672 0.31683 3.5703
2875 0.18567 2.8906 0.31769 3.5547
2880 0.18698 3.0313 0.31977 3.6563
2885 0.18588 2.9688 0.31793 3.6172
2890 0.18759 3.0625 0.32056 3.6719
2895 0.18756 3.1172 0.32031 3.7031
2900 0.18826 3.0703 0.32147 3.6563
2905 0.18713 3.0391 0.31995 3.6641
2910 0.18713 3.0625 0.31995 3.6797
2915 0.18805 3.0625 0.32129 3.6406
2920 0.18869 3.1641 0.32227 3.7266
2925 0.18894 3.1328 0.32276 3.7031
2930 0.18891 3.0703 0.32276 3.6484
2935 0.18961 3.125 0.32373 3.6797
2940 0.18945 3.1797 0.32355 3.7188
2945 0.1908 3.2734 0.3255 3.7734
2950 0.18985 3.2266 0.32416 3.7422
2955 0.18991 3.1797 0.32422 3.7031
2960 0.19064 3.2656 0.3252 3.7656
2965 0.1904 3.2578 0.32483 3.7578
2970 0.18894 3.1328 0.32294 3.6953
2975 0.19006 3.1719 0.32465 3.7031
2980 0.19086 3.1875 0.32587 3.7031
2985 0.19049 3.2578 0.3252 3.7734
2990 0.19022 3.2031 0.32471 3.7422
2995 0.19113 3.2578 0.32624 3.7422
3000 0.19104 3.2578 0.32611 3.7578
3005 0.19116 3.2969 0.3263 3.7734
3010 0.19135 3.2813 0.32648 3.7656
3015 0.19089 3.2656 0.32587 3.7656
3020 0.19162 3.2969 0.32697 3.7734
3025 0.19098 3.2813 0.32593 3.7656
3030 0.19034 3.2656 0.32532 3.7734
3035 0.19129 3.3281 0.3266 3.8125
3040 0.19141 3.3125 0.32684 3.7969
3045 0.19077 3.25 0.32581 3.7422
3050 0.18918 3.1797 0.32367 3.7188
3055 0.19071 3.2344 0.32593 3.7422
3060 0.19046 3.1641 0.3255 3.6797
3065 0.1908 3.25 0.32587 3.7422
3070 0.19068 3.2266 0.32587 3.7188
3075 0.19016 3.1094 0.32495 3.6563
3080 0.18915 3.1484 0.32373 3.7031
3085 0.19031 3.2109 0.32538 3.7188
3090 0.19129 3.2734 0.32672 3.7578
3095 0.19077 3.2578 0.32611 3.75
3100 0.19095 3.2656 0.32624 3.7578
3105 0.19068 3.2031 0.32581 3.7109
3110 0.19006 3.1953 0.32501 3.7188
3115 0.1908 3.2109 0.32611 3.7109
3120 0.18967 3.0781 0.32477 3.6406
3125 0.18891 3.0547 0.32349 3.6328
3130 0.18939 3.1406 0.32422 3.6875
3135 0.18912 3.1563 0.32392 3.7031
3140 0.18933 3.0625 0.32404 3.6172
3145 0.18958 3.1094 0.32453 3.6563
3150 0.19037 3.1953 0.32544 3.7188
3155 0.19003 3.2031 0.32532 3.7109
3160 0.1904 3.1172 0.32587 3.6484
3165 0.19043 3.2031 0.32562 3.7188
3170 0.19156 3.2813 0.32739 3.7578
3175 0.1915 3.25 0.32727 3.7188
3180 0.19037 3.1563 0.32556 3.6641
3185 0.19132 3.2813 0.32697 3.7578
3190 0.19006 3.1406 0.3252 3.6641
3195 0.19061 3.0938 0.32611 3.6172
3200 0.19016 3.1953 0.32556 3.6953
3205 0.18936 3.1797 0.32422 3.7031
3210 0.18991 3.1484 0.32489 3.6406
3215 0.1897 3.2188 0.32465 3.7422
3220 0.19046 3.2188 0.32593 3.7188
3225 0.19031 3.1484 0.32569 3.6641
3230 0.19089 3.1406 0.32642 3.6484
3235 0.19006 3.1953 0.32526 3.6953
3240 0.19031 3.2109 0.3255 3.7109
3245 0.1904 3.1641 0.32581 3.6563
3250 0.18964 3.0703 0.3244 3.6016
3255 0.189 3.1797 0.32361 3.6953
3260 0.18872 3.0859 0.32324 3.6406
3265 0.18982 3.1875 0.32501 3.6953
3270 0.18851 3.1328 0.32312 3.6719
3275 0.18753 3.0234 0.32166 3.6016
3280 0.18772 2.9922 0.32178 3.5703
3285 0.1868 3.0078 0.32086 3.6094
3290 0.18894 3.1172 0.32379 3.6484
3295 0.18784 2.9297 0.32233 3.5391
3300 0.18622 2.9688 0.31995 3.5938
3305 0.18677 2.7656 0.32068 3.4063
3310 0.1872 2.9922 0.32147 3.5938
3315 0.18674 2.9297 0.32074 3.5391
3320 0.18707 2.8906 0.32135 3.5078
3325 0.18781 2.9922 0.32221 3.5938
3330 0.18778 3.0234 0.32221 3.5938
3335 0.18604 2.9141 0.3197 3.5391
3340 0.18826 3.0469 0.323 3.6172
3345 0.18637 2.8359 0.32025 3.4766
3350 0.18716 2.9922 0.32147 3.5938
3355 0.18753 3.0547 0.32178 3.6406
3360 0.18759 3.0859 0.32184 3.6484
3365 0.19183 3.2578 0.32782 3.7344
3370 0.18784 3.0234 0.32251 3.6094
3375 0.18845 3.0391 0.32324 3.6094
3380 0.18945 3.1484 0.32465 3.6797
3385 0.19077 3.2031 0.32642 3.6953
3390 0.1915 3.25 0.32709 3.7109
3395 0.18909 3.1172 0.32392 3.6563
3400 0.18894 3.0469 0.32361 3.5938
3405 0.19074 3.2266 0.32624 3.6953
3410 0.19092 3.2344 0.32642 3.7188
3415 0.18985 3.2031 0.32495 3.7109
3420 0.19037 3.2109 0.32575 3.7109
3425 0.19156 3.3047 0.32733 3.7656
3430 0.19196 3.3047 0.32794 3.7656
3435 0.19193 3.3047 0.32788 3.7656
3440 0.16458 1.7734 0.289 3
3445 0.16412 1.6484 0.28858 2.9219
3450 0.16473 1.8438 0.28968 3.1016
3455 0.16495 1.75 0.28974 3.0156
3460 0.16614 1.9063 0.29151 3.1016
3465 0.16782 1.9375 0.29364 3.1172
3470 0.16815 1.8672 0.29462 3.0625
3475 0.16864 1.8672 0.29529 3.0469
3480 0.16962 2 0.29657 3.1406
3485 0.17053 2.0078 0.29773 3.1172
3490 0.172 1.9063 0.30017 3.0078
3495 0.17273 2.1953 0.3009 3.2422
3500 0.17075 2.0547 0.29828 3.1563
3505 0.17337 2.1172 0.30219 3.1719
3510 0.1731 2.1797 0.30152 3.2109
3515 0.17374 2.3125 0.30249 3.2891
3520 0.17392 2.0703 0.30286 3.1094
3525 0.1749 2.1641 0.30432 3.1719
3530 0.17575 2.2578 0.30548 3.2422
3535 0.17542 2.3984 0.30493 3.3594
3540 0.17752 2.3203 0.30811 3.25
3545 0.17642 2.4766 0.30652 3.3906
3550 0.17725 2.5078 0.30744 3.4141
3555 0.17859 2.5078 0.30957 3.3828
3560 0.1796 2.6094 0.31085 3.4531
3565 0.17975 2.5391 0.31128 3.4063
3570 0.18012 2.5547 0.31171 3.4063
3575 0.17966 2.5313 0.31098 3.4063
3580 0.18222 2.5234 0.3147 3.3281
3585 0.18292 2.5703 0.31598 3.3516
3590 0.18302 2.7031 0.31598 3.4609
3595 0.18375 2.6563 0.31696 3.4297
3600 0.18189 2.6875 0.31415 3.4844
3605 0.1821 2.7344 0.31458 3.5156
3610 0.1839 2.8125 0.31732 3.5469
3615 0.18457 2.75 0.31824 3.4844
3620 0.18829 2.9922 0.32361 3.6172
3625 0.18646 2.9141 0.32068 3.6016
3630 0.18665 2.9375 0.32111 3.6094
3635 0.18765 2.8672 0.32239 3.5391
3640 0.18576 2.9219 0.31989 3.6016
3645 0.18677 2.9375 0.32117 3.5938
3650 0.18915 3.0156 0.32483 3.6172
3655 0.18924 3.1484 0.32465 3.7188
3660 0.18732 2.9219 0.32196 3.5938
3665 0.189 2.9688 0.32434 3.5859
3670 0.1897 3.1641 0.3252 3.7188
3675 0.19061 3.1094 0.3266 3.6719
3680 0.19107 3.1875 0.32733 3.7266
3685 0.19071 3.1484 0.32691 3.7031
3690 0.19202 3.1797 0.32874 3.6953
3695 0.19016 3.0625 0.32617 3.6406
3700 0.19092 3.1797 0.32715 3.7188
3705 0.19193 3.2031 0.32855 3.7266
3710 0.19327 3.2578 0.33069 3.7422
3715 0.19086 3.1016 0.32709 3.6719
3720 0.19293 3.2813 0.33008 3.7734
3725 0.19336 3.2422 0.33081 3.7344
3730 0.19321 3.2344 0.33051 3.7188
3735 0.19296 3.2656 0.33014 3.7656
3740 0.1933 3.2891 0.33063 3.7734
3745 0.19312 3.3047 0.33038 3.7969
3750 0.19367 3.3281 0.33112 3.7969
3755 0.19324 3.2813 0.33038 3.7734
3760 0.19351 3.2969 0.331 3.7891
3765 0.194 3.3281 0.33161 3.7969
3770 0.16898 1.8828 0.29529 3.0938
3775 0.1698 1.9609 0.29663 3.1563
3780 0.16962 1.7891 0.29645 3.0234
3785 0.16995 2.0469 0.29694 3.2422
3790 0.17017 2 0.2973 3.1875
3795 0.17188 2 0.29962 3.1641
3800 0.17548 2.1094 0.30512 3.1719
3805 0.17224 2.0234 0.30029 3.1641
3810 0.17224 2.0313 0.30048 3.1797
3815 0.17432 2.0859 0.30347 3.1875
3820 0.17569 2.2969 0.30567 3.3438
3825 0.17755 2.2813 0.30811 3.2891
3830 0.17423 2.2031 0.3031 3.2891
3835 0.17529 2.0625 0.30475 3.1328
3840 0.17526 2.2109 0.30481 3.2578
3845 0.17648 2.1641 0.30676 3.2188
3850 0.17627 2.125 0.3064 3.1953
3855 0.17734 2.1406 0.30774 3.1719
3860 0.17697 2.3516 0.30762 3.3594
3865 0.17761 2.2578 0.30829 3.2734
3870 0.18091 2.4453 0.31305 3.3828
3875 0.17807 2.1484 0.30914 3.1563
3880 0.1799 2.2734 0.31189 3.2266
3885 0.17975 2.4063 0.31177 3.3438
3890 0.1814 2.3672 0.31378 3.2813
3895 0.1807 2.3359 0.31287 3.2656
3900 0.18103 2.4297 0.3136 3.3281
3905 0.18088 2.4141 0.31311 3.3281
3910 0.18106 2.4766 0.3133 3.3828
3915 0.18082 2.4375 0.31348 3.3438
3920 0.18216 2.4531 0.31537 3.3281
3925 0.18292 2.5703 0.31641 3.4141
3930 0.18234 2.5234 0.31549 3.3672
3935 0.1828 2.4297 0.3161 3.2969
3940 0.18506 2.5391 0.3197 3.3594
3945 0.18793 2.6953 0.32367 3.4375
3950 0.18418 2.5469 0.3183 3.3594
3955 0.18329 2.5781 0.31714 3.3828
3960 0.1835 2.5859 0.31757 3.4219
3965 0.18436 2.5859 0.31891 3.3906
3970 0.185 2.5859 0.31958 3.3828
3975 0.18384 2.6094 0.31793 3.4219
3980 0.18787 2.7266 0.32392 3.4609
3985 0.18594 2.75 0.32111 3.4844
3990 0.18656 2.6875 0.32227 3.4375
3995 0.1875 2.6875 0.32337 3.4297
4000 0.18704 2.6328 0.32294 3.3828
4005 0.18744 2.6875 0.32361 3.4141
4010 0.18704 2.6641 0.3227 3.3984
4015 0.18829 2.6719 0.32465 3.3906
4020 0.18875 2.8281 0.32526 3.5078
4025 0.18787 2.6875 0.32422 3.4063
4030 0.19138 2.7266 0.3291 3.4219
4035 0.18835 2.6953 0.32507 3.4219
4040 0.18967 2.8672 0.32715 3.5156
4045 0.18945 2.7734 0.32666 3.4453
4050 0.18823 2.7109 0.32483 3.4063
4055 0.18839 2.8438 0.32532 3.5156
4060 0.18921 2.7188 0.3263 3.3984
4065 0.19071 2.8672 0.32843 3.5078
4070 0.18869 2.7109 0.32569 3.3906
4075 0.18802 2.7109 0.32459 3.4141
4080 0.19055 2.8672 0.32825 3.5156
4085 0.18979 2.7969 0.32721 3.4609
4090 0.19055 2.8438 0.32849 3.4688
4095 0.18982 2.7891 0.32727 3.4375
4100 0.18958 2.8516 0.32715 3.4844
4105 0.18897 2.7578 0.32617 3.4219
4110 0.19052 2.8047 0.32807 3.4375
4115 0.18784 2.7422 0.32453 3.4375
4120 0.18872 2.8125 0.32605 3.4766
4125 0.18872 2.8125 0.32569 3.4609
4130 0.18799 2.7813 0.32477 3.4375
4135 0.18778 2.7734 0.32471 3.4531
4140 0.18802 2.7891 0.32495 3.4609
4145 0.18686 2.7891 0.32349 3.4766
4150 0.18802 2.7344 0.32483 3.4141
4155 0.18961 2.875 0.32715 3.5313
4160 0.18689 2.8203 0.32331 3.5
4165 0.18826 2.7109 0.3252 3.375
4170 0.18643 2.7734 0.32257 3.4609
4175 0.18811 2.9297 0.3252 3.5703
4180 0.18784 2.6563 0.3244 3.3438
4185 0.18674 2.7891 0.32318 3.4609
4190 0.18634 2.7031 0.32251 3.4063
4195 0.18597 2.6797 0.32184 3.3906
4200 0.18479 2.5938 0.32025 3.3281
4205 0.18594 2.5938 0.32208 3.3281
4210 0.18588 2.6328 0.32202 3.375
4215 0.1868 2.6641 0.32294 3.3672
4220 0.1872 2.8438 0.32392 3.5234
4225 0.1861 2.6328 0.32251 3.3359
4230 0.18457 2.6641 0.32031 3.4063
4235 0.18656 2.7422 0.32282 3.4297
4240 0.18567 2.6484 0.32178 3.3516
4245 0.18564 2.7422 0.32178 3.4688
4250 0.18509 2.7031 0.32099 3.4063
4255 0.18537 2.7422 0.32129 3.4375
4260 0.18558 2.6172 0.32178 3.3281
4265 0.18479 2.6484 0.32068 3.3594
4270 0.18549 2.6797 0.32147 3.4063
4275 0.1835 2.6875 0.31891 3.4219
4280 0.18552 2.6875 0.3216 3.3906
4285 0.18579 2.7656 0.32208 3.4531
4290 0.18506 2.7813 0.32123 3.4688
4295 0.18488 2.6953 0.32074 3.4141
4300 0.18735 2.7891 0.32416 3.4531
4305 0.18628 2.7734 0.32276 3.4453
4310 0.18512 2.6719 0.32111 3.3906
4315 0.18259 2.5859 0.31751 3.3516
4320 0.18491 2.6328 0.32086 3.3516
4325 0.18552 2.6484 0.32172 3.3516
4330 0.18552 2.7656 0.32166 3.4609
4335 0.18524 2.5938 0.32147 3.3047
4340 0.18567 2.6328 0.32208 3.3281
4345 0.18775 2.7891 0.32532 3.4297
4350 0.18594 2.7188 0.32245 3.3984
4355 0.18701 2.8438 0.32398 3.4766
4360 0.18552 2.7188 0.32166 3.4063
4365 0.18512 2.7031 0.32111 3.4063
4370 0.18619 2.7344 0.32257 3.4063
4375 0.18479 2.7188 0.32086 3.4219
4380 0.18469 2.7656 0.32093 3.4531
4385 0.18552 2.6719 0.32227 3.3828
4390 0.18668 2.7656 0.32373 3.4063
4395 0.18558 2.7344 0.32202 3.4063
4400 0.1853 2.6797 0.32172 3.375
4405 0.18527 2.7891 0.32172 3.4375
4410 0.18573 2.6641 0.32227 3.3438
4415 0.18772 2.8438 0.32507 3.4609
4420 0.18616 2.6563 0.32306 3.3203
4425 0.18485 2.5547 0.32123 3.2578
4430 0.1857 2.5859 0.32227 3.2813
4435 0.18576 2.7109 0.32251 3.3828
4440 0.18588 2.7891 0.32276 3.4297
4445 0.18652 2.7656 0.32367 3.4063
4450 0.18747 2.7188 0.32489 3.3594
4455 0.18567 2.7422 0.32221 3.4063
4460 0.18662 2.6563 0.32379 3.3125
4465 0.18549 2.6797 0.32208 3.3516
4470 0.18585 2.8281 0.3227 3.4688
4475 0.18524 2.8594 0.32172 3.4922
4480 0.18674 2.7656 0.3241 3.4297
4485 0.18561 2.6016 0.32227 3.2969
4490 0.18552 2.7188 0.32227 3.3672
4495 0.1843 2.7656 0.32044 3.4453
4500 0.18546 2.6875 0.32233 3.3594
4505 0.18573 2.6875 0.32251 3.3359
4510 0.1853 2.7734 0.3219 3.4375
4515 0.18543 2.8594 0.32202 3.5
4520 0.1846 2.625 0.32093 3.3125
4525 0.18582 2.5313 0.32288 3.2031
4530 0.18594 2.7656 0.3227 3.4063
4535 0.18524 2.75 0.32202 3.4063
4540 0.18579 2.7266 0.32263 3.3828
4545 0.18646 2.8125 0.32367 3.4375
4550 0.18384 2.6875 0.31989 3.3672
4555 0.1853 2.7813 0.32208 3.4141
4560 0.18494 2.6484 0.32147 3.3047
4565 0.18588 2.7422 0.32282 3.3828
4570 0.18619 2.7578 0.32324 3.3906
4575 0.185 2.6875 0.3216 3.3281
4580 0.1857 2.7891 0.32257 3.4219
4585 0.18619 2.8438 0.32343 3.4688
4590 0.18515 2.6875 0.32154 3.3438
4595 0.18527 2.75 0.32208 3.3984
4600 0.18561 2.6719 0.32251 3.3281
4605 0.18381 2.8281 0.31989 3.4766
4610 0.18485 2.875 0.32147 3.4844
4615 0.18475 2.6719 0.32147 3.3359
4620 0.18424 2.8125 0.3205 3.4531
4625 0.18399 2.75 0.32001 3.4063
4630 0.18369 2.6875 0.3197 3.3828
4635 0.18302 2.6016 0.31867 3.3047
4640 0.18738 2.7734 0.32447 3.3828
4645 0.18637 2.6328 0.32337 3.2813
4650 0.18469 2.8281 0.32105 3.4609
4655 0.18356 2.7344 0.31964 3.4063
4660 0.18308 2.6406 0.31885 3.3203
4665 0.1828 2.6328 0.31842 3.3125
4670 0.18399 2.625 0.32025 3.3047
4675 0.18247 2.7266 0.31812 3.4063
4680 0.18286 2.6172 0.31885 3.3047
4685 0.18408 2.6563 0.32031 3.3281
4690 0.18363 2.7344 0.31977 3.3906
4695 0.18421 2.6563 0.32056 3.3359
4700 0.18149 2.4219 0.31683 3.1563
4705 0.18131 2.5859 0.31653 3.3047
4710 0.18302 2.7656 0.31909 3.4453
4715 0.18204 2.6172 0.31745 3.3125
4720 0.18057 2.5938 0.31555 3.3047
4725 0.18259 2.6094 0.31848 3.3125
4730 0.18195 2.7656 0.31726 3.4453
4735 0.18219 2.7344 0.31781 3.3984
4740 0.17969 2.5234 0.31427 3.2813
4745 0.18185 2.5781 0.31738 3.2891
4750 0.1799 2.5156 0.31452 3.2578
4755 0.18079 2.4609 0.31598 3.2109
4760 0.18036 2.6328 0.31525 3.3594
4765 0.18042 2.4375 0.31543 3.1953
4770 0.18054 2.3672 0.31568 3.125
4775 0.17877 2.375 0.31299 3.1563
4780 0.18027 2.5078 0.31525 3.2422
4785 0.18131 2.5547 0.31665 3.2813
4790 0.17798 2.4453 0.31201 3.2266
4795 0.18134 2.7266 0.31677 3.4063
4800 0.18115 2.6328 0.31659 3.3359
4805 0.18094 2.5469 0.31629 3.2578
4810 0.17893 2.5313 0.31305 3.2969
4815 0.17841 2.4141 0.31275 3.2031
4820 0.17908 2.4531 0.31342 3.2188
4825 0.17896 2.625 0.31342 3.3672
4830 0.1785 2.5078 0.31287 3.2578
4835 0.17905 2.4453 0.31317 3.2031
4840 0.17856 2.4141 0.31299 3.1953
4845 0.1803 2.5313 0.31525 3.2578
4850 0.17801 2.6328 0.3122 3.375
4855 0.17944 2.4688 0.31433 3.2266
4860 0.17975 2.5 0.31458 3.2188
4865 0.17822 2.4531 0.31244 3.2188
4870 0.18018 2.4922 0.31507 3.2266
4875 0.17865 2.5781 0.31311 3.3125
4880 0.17966 2.5313 0.31445 3.2656
4885 0.17838 2.3125 0.31287 3.1016
4890 0.17832 2.3906 0.31287 3.1563
4895 0.17807 2.5547 0.31262 3.3125
4900 0.17716 2.5703 0.3111 3.3203
4905 0.17722 2.5313 0.31128 3.2891
4910 0.17734 2.3047 0.3114 3.125
4915 0.1763 2.3438 0.30982 3.1484
4920 0.17624 2.3516 0.30982 3.1641
4925 0.17621 2.4531 0.30969 3.2266
4930 0.17603 2.3359 0.30969 3.1484
4935 0.17661 2.4922 0.31043 3.2578
4940 0.17572 2.4766 0.30884 3.2813
4945 0.17807 2.4766 0.31238 3.2344
4950 0.17453 2.3359 0.30725 3.1797
4955 0.17621 2.5781 0.30969 3.3438
4960 0.17899 2.5469 0.31372 3.2813
4965 0.17801 2.5313 0.31214 3.2813
4970 0.17731 2.5078 0.31104 3.2578
4975 0.17523 2.3203 0.30817 3.1484
4980 0.17542 2.375 0.30854 3.1797
4985 0.173 2.2578 0.30536 3.1328
4990 0.17426 2.5469 0.30707 3.3359
4995 0.17389 2.4531 0.30652 3.2578
5000 0.17395 2.375 0.3067 3.1953
5005 0.17432 2.4375 0.30725 3.2578
5010 0.17432 2.375 0.30713 3.2031
5015 0.17487 2.3906 0.30799 3.1953
5020 0.17523 2.4453 0.30847 3.2422
5025 0.17627 2.3359 0.31006 3.1563
5030 0.1741 2.3984 0.30689 3.2109
5035 0.17404 2.3047 0.30695 3.1406
5040 0.17154 2.4297 0.30341 3.2656
5045 0.17453 2.4766 0.3075 3.2578
5050 0.17624 2.3594 0.30994 3.1484
5055 0.17294 2.2891 0.3053 3.1406
5060 0.17322 2.3516 0.30561 3.1797
5065 0.17273 2.3516 0.30512 3.1797
5070 0.17407 2.4063 0.30683 3.2266
5075 0.1749 2.3281 0.30811 3.1484
5080 0.17188 2.4297 0.30377 3.2813
5085 0.17395 2.3359 0.30652 3.1641
5090 0.17053 2.1953 0.30182 3.1016
5095 0.172 2.2344 0.30396 3.1094
5100 0.17246 2.2266 0.30438 3.0938
5105 0.17334 2.2188 0.30585 3.0859
5110 0.17343 2.4063 0.30603 3.2344
5115 0.1745 2.4375 0.3075 3.2422
5120 0.17557 2.4766 0.30872 3.2656
5125 0.17426 2.4531 0.30738 3.2422
5130 0.17633 2.4766 0.31 3.2422
5135 0.17368 2.3281 0.30615 3.1641
5140 0.1723 2.3672 0.30414 3.2266
5145 0.17066 2.2734 0.302 3.1328
5150 0.17114 2.2422 0.30274 3.1016
5155 0.17529 2.5078 0.3086 3.2734
5160 0.17154 2.2813 0.30353 3.1484
5165 0.17059 2.1328 0.302 3.0547
5170 0.17136 2.2266 0.3031 3.1172
5175 0.17102 2.2969 0.30268 3.1641
5180 0.1705 2.1719 0.30219 3.0547
5185 0.17001 2.2188 0.30121 3.1094
5190 0.16861 2.1094 0.2995 3.0547
5195 0.17078 2.3438 0.30249 3.2031
5200 0.16797 2.2266 0.29871 3.1328
5205 0.16727 2.1563 0.29749 3.1172
5210 0.16937 2.2109 0.3006 3.1016
5215 0.16821 2.1797 0.29901 3.1016
5220 0.16864 2.1797 0.29938 3.1016
5225 0.17066 2.3203 0.30213 3.1875
5230 0.17026 2.3359 0.30182 3.2031
5235 0.1669 2.1172 0.29718 3.0781
5240 0.16913 2.2188 0.30042 3.1328
5245 0.1694 2.2188 0.30072 3.125
5250 0.17261 2.4844 0.30493 3.3047
5255 0.16913 2.3516 0.30017 3.2344
5260 0.16709 2.2422 0.29724 3.1797
5265 0.16428 2.1016 0.29334 3.1016
5270 0.16791 2.1094 0.29859 3.0469
5275 0.16528 2.2266 0.29505 3.1797
5280 0.16501 2.0547 0.29444 3.0469
5285 0.16483 2.2031 0.29425 3.1641
5290 0.16327 2.0547 0.29218 3.0625
5295 0.16297 2.125 0.29169 3.125
5300 0.16422 2.1172 0.29364 3.1094
5305 0.16385 2.0313 0.29303 3.0391
5310 0.16342 2.0938 0.29248 3.1016
5315 0.16422 2.1172 0.29358 3.0938
5320 0.16254 1.9844 0.2912 3.0078
5325 0.1622 2.0078 0.29077 3.0313
5330 0.16422 2.125 0.29364 3.125
5335 0.16391 2.0234 0.29322 3.0234
5340 0.16437 2.0781 0.29389 3.0703
5345 0.16599 2.2188 0.29614 3.1719
5350 0.16709 2.1953 0.29755 3.125
5355 0.16763 2.2422 0.29816 3.1484
5360 0.16403 2.1406 0.29334 3.1094
5365 0.16452 2.1953 0.29407 3.1406
5370 0.16559 2.2422 0.29553 3.1797
5375 0.16611 2.1875 0.29621 3.0938
5380 0.16547 2.1797 0.29529 3.125
5385 0.16501 2.1953 0.29431 3.1484
5390 0.16364 2.1328 0.2926 3.1016
5395 0.16556 2.1406 0.29535 3.0938
5400 0.16431 2.1797 0.29358 3.1484
5405 0.16306 2 0.29169 3.0156
5410 0.16254 2.0625 0.29138 3.0781
5415 0.1665 2.1328 0.29682 3.0703
5420 0.16473 2.2734 0.29413 3.2031
5425 0.16364 2.2266 0.29267 3.1797
5430 0.16269 1.9453 0.29157 2.9688
5435 0.16416 2.0859 0.29334 3.0547
5440 0.16519 2.25 0.29486 3.1641
5445 0.16397 2.0625 0.29297 3.0313
5450 0.16293 2.0703 0.29206 3.0547
5455 0.16333 2.0625 0.29242 3.0547
5460 0.16388 2.1406 0.29303 3.1172
5465 0.16205 1.9531 0.29047 2.9844
5470 0.16229 2.1406 0.29114 3.1328
5475 0.16205 2.1406 0.29077 3.1406
5480 0.16138 1.9922 0.28955 3.0234
5485 0.16348 2.0391 0.29254 3.0234
5490 0.16205 2.0859 0.29077 3.0938
5495 0.16098 1.9375 0.28919 2.9922
5500 0.16229 2.1094 0.29102 3.1016
5505 0.16284 2.1797 0.29187 3.1563
5510 0.16159 2.1953 0.29016 3.1719
5515 0.16071 1.9453 0.28888 2.9922
5520 0.16361 2.1016 0.29285 3.0859
5525 0.16181 2 0.29041 3.0313
5530 0.1622 2.0156 0.29083 3.0234
5535 0.16129 2.0781 0.28961 3.0938
5540 0.16238 2.0547 0.29108 3.0547
5545 0.16202 2.1016 0.29083 3.1016
5550 0.16254 2.0391 0.29138 3.0234
5555 0.16376 2.0938 0.29328 3.0625
5560 0.16238 2.0625 0.29138 3.0469
5565 0.16178 1.9688 0.29047 2.9922
5570 0.16278 2.125 0.29169 3.0703
5575 0.16321 2.1172 0.29224 3.0859
5580 0.16266 2.0938 0.29169 3.0703
5585 0.1644 2.0625 0.29401 3.0313
5590 0.16446 2.0234 0.29401 2.9922
5595 0.164 2.0859 0.29352 3.0469
5600 0.16162 2.0938 0.2901 3.0938
5605 0.16324 1.9844 0.29242 2.9766
5610 0.16309 2.0703 0.29218 3.0469
5615 0.16339 2.0938 0.29254 3.0703
5620 0.16168 2.0469 0.29035 3.0469
5625 0.16174 2.0391 0.29035 3.0469
5630 0.16248 1.9844 0.29132 2.9844
5635 0.15967 2.0391 0.28766 3.0703
5640 0.15982 2.0391 0.28784 3.0859
5645 0.16113 1.9375 0.28955 2.9609
5650 0.15903 2.0313 0.28662 3.0703
5655 0.16022 2 0.28845 3.0234
5660 0.15909 2.0391 0.28687 3.0781
5665 0.16159 2.1641 0.29041 3.1328
5670 0.16196 2.0391 0.29096 3.0234
5675 0.16199 2.0391 0.29083 3.0234
5680 0.15714 1.9297 0.28436 3
5685 0.1575 1.9297 0.28461 3
5690 0.15805 1.9688 0.28546 3.0234
5695 0.15936 2 0.28717 3.0234
5700 0.15778 2.1172 0.28504 3.1328
5705 0.15683 1.9688 0.28388 3.0234
5710 0.15662 1.9375 0.28382 3.0078
5715 0.15897 1.9922 0.28687 3.0234
5720 0.15909 2.0547 0.28693 3.0625
5725 0.1608 1.9766 0.28919 2.9766
5730 0.15814 1.9766 0.28571 3.0234
5735 0.15726 1.9453 0.28455 2.9922
5740 0.15796 1.9141 0.28516 2.9688
5745 0.15784 2.0234 0.28546 3.0469
5750 0.15476 1.9453 0.28125 3.0156
5755 0.15665 1.9844 0.284 3.0234
5760 0.15955 2.1094 0.28778 3.0859
5765 0.15762 2.0469 0.28534 3.0547
5770 0.16055 2.1016 0.28919 3.0469
5775 0.15985 2.0469 0.28815 3.0234
5780 0.15787 2.0234 0.28546 3.0313
5785 0.1565 2.0625 0.28388 3.0781
5790 0.15744 1.9141 0.28485 2.9688
5795 0.15839 2.0938 0.28626 3.0781
5800 0.15677 2.0625 0.28406 3.0703
5805 0.15958 2.0469 0.28778 3.0313
5810 0.15735 1.9766 0.28473 3.0078
5815 0.15811 2.0547 0.28565 3.0625
5820 0.15591 1.9844 0.28302 3.0391
5825 0.15469 2.0313 0.28144 3.0859
5830 0.15866 1.9688 0.28681 2.9844
5835 0.1543 1.9844 0.28082 3.0547
5840 0.15347 1.9844 0.27991 3.0547
5845 0.15363 1.9844 0.28003 3.0469
5850 0.15387 1.9688 0.28034 3.0313
5855 0.15445 2.0938 0.28107 3.125
5860 0.15189 1.9844 0.27771 3.0703
5865 0.15222 1.9609 0.27826 3.0547
5870 0.15442 2.0469 0.28131 3.0859
5875 0.15235 2.0156 0.27832 3.0781
5880 0.15128 1.9609 0.27692 3.0547
5885 0.15027 1.9922 0.2757 3.1016
5890 0.1499 1.9844 0.27533 3.0859
5895 0.15024 1.9609 0.27564 3.0547
5900 0.14865 1.9609 0.27344 3.0859
5905 0.14874 1.9375 0.27368 3.0625
5910 0.14768 2 0.27222 3.125
5915 0.14905 1.9688 0.27405 3.0703
5920 0.14609 1.9766 0.27014 3.1172
5925 0.14679 1.9922 0.27118 3.1094
5930 0.14789 1.9766 0.27259 3.0938
5935 0.14652 1.9844 0.27082 3.1172
5940 0.14609 1.9609 0.27027 3.1016
5945 0.14731 2.0078 0.27185 3.1172
5950 0.1471 1.9688 0.27167 3.0938
5955 0.14822 2 0.27313 3.0859
5960 0.1478 2.0078 0.27271 3.0859
5965 0.14737 1.9844 0.27204 3.0938
5970 0.14694 2.0313 0.27149 3.1172
5975 0.14649 1.9453 0.27088 3.0547
5980 0.14527 1.9766 0.26917 3.0938
5985 0.14536 1.9609 0.26935 3.0781
5990 0.14609 1.9688 0.27161 3.0625
5995 0.17383 2.5781 0.30744 3.2344
6000 0.17325 2.3906 0.3064 3.0938
6005 0.17383 2.5547 0.30731 3.2344
6010 0.17056 2.4531 0.30261 3.1641
6015 0.1712 2.4609 0.30353 3.1719
6020 0.16773 2.2734 0.29883 3.0703
6025 0.16846 2.1875 0.29962 2.9844
6030 0.1687 2.4609 0.29969 3.2188
6035 0.16684 2.2109 0.29749 3.0234
6040 0.16855 2.2891 0.30005 3.0781
6045 0.16709 2.1953 0.29755 2.9922
6050 0.17001 2.3984 0.30127 3.1484
6055 0.16956 2.4531 0.3009 3.1953
6060 0.16577 2.1484 0.29584 3
6065 0.16647 2.2969 0.29669 3.1094
6070 0.16507 2.2031 0.29486 3.0547
6075 0.16672 2.5469 0.29724 3.3125
6080 0.16641 2.2266 0.29676 3.0703
6085 0.16592 2.1094 0.29578 2.9688
6090 0.1665 2.125 0.29651 2.9688
6095 0.16504 2.0938 0.29437 2.9531
6100 0.16641 2.2344 0.29645 3.0469
6105 0.16486 2.1797 0.29401 3.0469
6110 0.1676 2.4297 0.29761 3.2188
6115 0.16757 2.3984 0.29767 3.1797
6120 0.16824 2.3906 0.29871 3.1641
6125 0.16532 2.1719 0.29444 3.0313
6130 0.16379 2.3203 0.29242 3.1797
6135 0.16623 2.2734 0.29572 3.0938
6140 0.16709 2.2188 0.29688 3.0625
6145 0.16507 2.1563 0.29425 3.0469
6150 0.16592 2.25 0.29541 3.1016
6155 0.16834 2.1719 0.29859 3.0234
6160 0.16571 2.1719 0.29499 3.0547
6165 0.16553 2.2344 0.29474 3.0781
6170 0.16709 2.1953 0.29682 3.0469
6175 0.16886 2.4766 0.29907 3.2422
6180 0.1684 2.2109 0.29859 3.0469
6185 0.1677 2.3125 0.29743 3.1328
6190 0.16782 2.1875 0.29773 3.0391
6195 0.16736 2.3828 0.297 3.1953
6200 0.16864 2.4219 0.29883 3.2031
6205 0.16992 2.3672 0.30048 3.1641
6210 0.16983 2.2734 0.30029 3.1016
6215 0.16745 2.1172 0.29724 2.9844
6220 0.17032 2.3984 0.30097 3.1797
6225 0.16901 2.3125 0.29913 3.1328
6230 0.16815 2.2969 0.2981 3.1406
6235 0.17029 2.2969 0.3009 3.1016
6240 0.16944 2.375 0.29956 3.2031
6245 0.16919 2.1953 0.29938 3.0547
6250 0.17041 2.3984 0.3009 3.2031
6255 0.1694 2.2031 0.2995 3.0625
6260 0.17127 2.375 0.30213 3.1797
6265 0.16992 2.3203 0.30017 3.1484
6270 0.16925 2.1563 0.2992 3.0391
6275 0.17044 2.1953 0.30109 3.0469
6280 0.16898 2.0859 0.29901 2.9688
6285 0.17099 2.4375 0.30176 3.2188
6290 0.17197 2.5547 0.30298 3.3047
6295 0.17011 2.2734 0.30048 3.1172
6300 0.16959 2.2891 0.29969 3.125
6305 0.17017 2.3047 0.3006 3.1484
6310 0.16944 2.1875 0.29944 3.0469
6315 0.16876 2.1875 0.29859 3.0625
6320 0.17001 2.3906 0.30017 3.2266
6325 0.16934 2.2734 0.29932 3.1406
6330 0.17175 2.1563 0.30255 3
6335 0.17273 2.4297 0.3039 3.2422
6340 0.17264 2.3438 0.30365 3.1484
6345 0.17026 2.2891 0.30023 3.1484
6350 0.17096 2.2422 0.30127 3.1328
6355 0.1716 2.3125 0.30207 3.1484
6360 0.17215 2.375 0.3028 3.2031
6365 0.17008 2.3203 0.29987 3.1875
6370 0.17255 2.3516 0.30341 3.1563
6375 0.17334 2.3125 0.30432 3.1406
6380 0.17383 2.5469 0.30487 3.3047
6385 0.17343 2.4063 0.30451 3.2031
6390 0.17215 2.3984 0.30268 3.2188
6395 0.17182 2.3516 0.30219 3.1797
6400 0.17435 2.4063 0.30585 3.1797
6405 0.17337 2.3516 0.30445 3.1719
6410 0.17358 2.2031 0.30457 3.0234
6415 0.17404 2.4063 0.3053 3.2031
6420 0.17374 2.3047 0.30487 3.125
6425 0.17471 2.4141 0.30622 3.2031
6430 0.17532 2.5156 0.30683 3.2891
6435 0.1738 2.4297 0.30463 3.2422
6440 0.17517 2.3984 0.3067 3.1875
6445 0.17734 2.5391 0.30976 3.2813
6450 0.17557 2.3828 0.30719 3.1641
6455 0.17514 2.6094 0.30664 3.3438
6460 0.17435 2.5313 0.3053 3.3203
6465 0.1738 2.3594 0.30451 3.1953
6470 0.17496 2.4453 0.3064 3.25
6475 0.17377 2.3516 0.30451 3.1797
6480 0.17441 2.3203 0.30536 3.1484
6485 0.17505 2.1875 0.30628 3.0469
6490 0.1745 2.5313 0.30585 3.3281
6495 0.17572 2.4766 0.30701 3.25
6500 0.17636 2.5781 0.30811 3.3281
6505 0.17383 2.4063 0.30451 3.2422
6510 0.17453 2.4688 0.30554 3.2656
6515 0.17536 2.5313 0.3067 3.3203
6520 0.1767 2.4922 0.30854 3.2578
6525 0.17468 2.3672 0.30561 3.1875
6530 0.1756 2.5078 0.30695 3.2813
6535 0.1745 2.4531 0.30542 3.2813
6540 0.17603 2.5156 0.30744 3.3047
6545 0.17475 2.2969 0.30561 3.1406
6550 0.17688 2.5781 0.3086 3.3281
6555 0.17737 2.5625 0.30927 3.3125
6560 0.1778 2.5703 0.30969 3.3047
6565 0.17581 2.4141 0.30689 3.2266
6570 0.17694 2.5078 0.30847 3.2969
6575 0.17761 2.4453 0.30945 3.2266
6580 0.17795 2.5313 0.31006 3.3047
6585 0.17597 2.4688 0.30725 3.2813
6590 0.17642 2.4766 0.30774 3.2813
6595 0.177 2.4453 0.3086 3.2422
6600 0.17777 2.5547 0.30963 3.3125
6605 0.17789 2.5938 0.30976 3.3516
6610 0.17734 2.4219 0.3089 3.2109
6615 0.17728 2.4766 0.30872 3.2578
6620 0.17838 2.6328 0.31031 3.3828
6625 0.17838 2.5391 0.31049 3.2891
6630 0.17713 2.4922 0.30872 3.2578
6635 0.17819 2.6328 0.30982 3.3828
6640 0.17764 2.5078 0.30927 3.2813
6645 0.17822 2.7031 0.30994 3.4375
6650 0.17941 2.7422 0.31171 3.4609
6655 0.17777 2.5078 0.30945 3.2813
6660 0.17893 2.6484 0.31104 3.3906
6665 0.17914 2.4922 0.31122 3.2578
6670 0.17899 2.5078 0.31104 3.2813
6675 0.17871 2.6406 0.31067 3.4063
6680 0.17987 2.4531 0.31238 3.2109
6685 0.17923 2.5156 0.31134 3.2813
6690 0.18079 2.6328 0.31348 3.3594
6695 0.17993 2.6016 0.31214 3.3359
6700 0.1799 2.6094 0.31238 3.3516
6705 0.17947 2.7266 0.31177 3.4609
6710 0.17896 2.5625 0.31104 3.3281
6715 0.18024 2.6016 0.31256 3.3359
6720 0.18112 2.6797 0.31391 3.3828
6725 0.18201 2.7656 0.31507 3.4375
6730 0.17981 2.5 0.31207 3.2656
6735 0.17914 2.5313 0.31098 3.3047
6740 0.18039 2.625 0.31281 3.375
6745 0.18057 2.6094 0.31287 3.3516
6750 0.18054 2.6953 0.31299 3.4063
6755 0.18115 2.6172 0.3136 3.3594
6760 0.18079 2.5391 0.31317 3.2891
6765 0.18057 2.5781 0.31293 3.3281
6770 0.18009 2.6484 0.3122 3.4063
6775 0.17972 2.5313 0.31165 3.2969
6780 0.1839 2.8906 0.31763 3.5234
6785 0.18207 2.8203 0.31513 3.4922
6790 0.18225 2.6484 0.31507 3.3594
6795 0.18146 2.7188 0.31403 3.4531
6800 0.18079 2.6563 0.31293 3.3828
6805 0.18295 2.8125 0.31598 3.4844
6810 0.18399 2.7422 0.31757 3.4063
6815 0.1832 2.8438 0.31629 3.5078
6820 0.18253 2.6563 0.31549 3.3594
6825 0.18286 2.7734 0.31592 3.4609
6830 0.18274 2.7891 0.31574 3.4688
6835 0.18436 2.7734 0.31793 3.4297
6840 0.18408 2.75 0.31738 3.4219
6845 0.18369 2.7109 0.31702 3.4063
6850 0.18262 2.5938 0.31555 3.3203
6855 0.1853 2.7188 0.31928 3.3828
6860 0.18253 2.5703 0.31531 3.3047
6865 0.18289 2.6953 0.31586 3.4063
6870 0.18311 2.7813 0.31629 3.4844
6875 0.18509 2.7578 0.31885 3.4297
6880 0.18408 2.7578 0.31751 3.4375
6885 0.18445 2.6953 0.31818 3.3828
6890 0.18482 2.875 0.31854 3.5234
6895 0.1839 2.7813 0.31726 3.4609
6900 0.18387 2.6953 0.31738 3.3906
6905 0.18375 2.7188 0.31708 3.4375
6910 0.18533 2.7813 0.31934 3.4375
6915 0.18814 2.9219 0.32276 3.5078
6920 0.1857 2.8359 0.31958 3.4844
6925 0.18457 2.7188 0.31818 3.4063
6930 0.18332 2.8828 0.31629 3.5547
6935 0.18335 2.7656 0.31641 3.4766
6940 0.18515 2.7031 0.31897 3.3828
6945 0.18567 2.9219 0.31946 3.5703
6950 0.18488 2.8047 0.3183 3.4688
6955 0.18637 2.875 0.32062 3.5234
6960 0.18573 2.8516 0.3197 3.5078
6965 0.18616 2.8438 0.32044 3.5
6970 0.18659 2.9453 0.32099 3.5547
6975 0.18597 2.9219 0.32007 3.5469
6980 0.18662 2.9844 0.32068 3.6016
6985 0.18674 3 0.32111 3.6172
6990 0.1868 2.9297 0.32129 3.5391
6995 0.18567 2.875 0.3194 3.5313
7000 0.18991 3.1094 0.32538 3.6406
7005 0.18561 2.8281 0.3194 3.4844
7010 0.1875 2.9844 0.32251 3.5938
7015 0.18594 2.9688 0.32001 3.6016
7020 0.18637 2.9375 0.3205 3.5703
7025 0.1879 2.9922 0.32257 3.5781
7030 0.18656 2.9531 0.32044 3.5703
7035 0.18738 2.9375 0.3219 3.5391
7040 0.18686 2.8984 0.32111 3.5391
7045 0.18622 2.8906 0.32019 3.5313
7050 0.18597 2.7344 0.31995 3.3984
7055 0.18674 2.9375 0.32111 3.5703
7060 0.18573 2.8906 0.31952 3.5391
7065 0.1875 3.0234 0.32221 3.6172
7070 0.18732 2.9766 0.3219 3.6016
7075 0.18674 2.9453 0.32086 3.5859
7080 0.18936 3.0781 0.32483 3.6406
7085 0.18747 2.9688 0.32196 3.5859
7090 0.18787 2.8828 0.32263 3.5156
7095 0.18863 2.9688 0.32367 3.5703
7100 0.19013 2.9766 0.32581 3.5625
7105 0.18781 2.9531 0.32251 3.5781
7110 0.18716 2.8594 0.32172 3.4844
7115 0.18747 2.9297 0.32196 3.5469
7120 0.18906 2.9922 0.32428 3.5859
7125 0.1897 3.0156 0.32526 3.5859
7130 0.18555 2.8828 0.3194 3.5547
7135 0.18674 2.8203 0.32111 3.4766
7140 0.18799 2.9219 0.323 3.5391
7145 0.1871 2.7266 0.3219 3.4063
7150 0.18857 3.0469 0.32373 3.6328
7155 0.1879 2.9688 0.32282 3.5781
7160 0.1882 2.9688 0.32349 3.5625
7165 0.18903 2.9531 0.32428 3.5391
7170 0.18826 2.9141 0.32355 3.5156
7175 0.18872 2.9531 0.32398 3.5547
7180 0.18814 2.7969 0.32331 3.4219
7185 0.1879 2.9219 0.32306 3.5391
7190 0.18842 2.875 0.32392 3.4922
7195 0.18979 2.9531 0.32556 3.5391
7200 0.1886 2.8672 0.32385 3.4766
7205 0.19022 2.9922 0.32605 3.5625
7210 0.19113 3.0469 0.3277 3.5781
7215 0.19068 2.9922 0.32691 3.5469
7220 0.18784 2.9688 0.323 3.5625
7225 0.19052 3 0.32709 3.5547
7230 0.18897 2.9453 0.32447 3.5391
7235 0.1901 3.1016 0.32611 3.6406
7240 0.19214 3.0234 0.32898 3.5391
7245 0.19034 3 0.32642 3.5469
7250 0.19016 3.1016 0.32642 3.625
7255 0.18845 2.8828 0.32361 3.5078
7260 0.18997 3.0703 0.32593 3.6172
7265 0.1904 2.9922 0.32666 3.5547
7270 0.1882 2.8672 0.32385 3.4688
7275 0.18875 2.8672 0.32453 3.4688
7280 0.18668 2.8516 0.32172 3.4766
7285 0.18643 2.8906 0.32135 3.5078
7290 0.18692 2.9219 0.32184 3.5469
7295 0.18628 2.8828 0.32111 3.5078
7300 0.18747 2.8203 0.32276 3.4453
7305 0.18713 2.7969 0.32227 3.4375
7310 0.18619 2.875 0.32086 3.5156
7315 0.18716 2.9844 0.32245 3.5703
7320 0.18649 2.8359 0.32141 3.4609
7325 0.1872 2.7891 0.32227 3.4219
7330 0.18607 2.8438 0.32086 3.4844
7335 0.18692 2.8281 0.32196 3.4609
7340 0.18689 2.8438 0.32215 3.4766
7345 0.18643 2.8594 0.32147 3.4844
7350 0.18826 2.8438 0.3241 3.4453
7355 0.18619 2.7656 0.32123 3.4375
7360 0.1875 2.8906 0.32324 3.5
7365 0.1861 2.8125 0.32111 3.4453
7370 0.18649 2.9922 0.32166 3.5938
7375 0.1872 3.0234 0.32263 3.6094
7380 0.18582 2.8281 0.32074 3.4609
7385 0.18646 2.7891 0.32184 3.4297
7390 0.18652 2.8906 0.32178 3.5078
7395 0.18695 2.7891 0.32227 3.4141
7400 0.18723 2.8438 0.3227 3.4609
7405 0.18573 2.7734 0.32062 3.4141
7410 0.18591 2.9063 0.32099 3.5156
7415 0.18567 2.7344 0.32044 3.3906
7420 0.18503 2.8672 0.31958 3.5078
7425 0.18503 2.8672 0.31964 3.5
7430 0.18494 2.7422 0.31952 3.4063
7435 0.18527 2.7031 0.31995 3.3594
7440 0.18494 2.7891 0.31934 3.4297
7445 0.18527 2.75 0.32007 3.3906
7450 0.18375 2.6641 0.31775 3.3594
7455 0.18341 2.6406 0.31738 3.3281
7460 0.18442 2.7188 0.31848 3.3984
7465 0.18222 2.6875 0.3158 3.3906
7470 0.181 2.5703 0.31409 3.3125
7475 0.18164 2.5547 0.31507 3.3203
7480 0.18247 2.625 0.31598 3.3281
7485 0.18289 2.6563 0.31665 3.3672
7490 0.18265 2.5781 0.31647 3.3047
7495 0.18274 2.6094 0.31665 3.3203
7500 0.1788 2.4297 0.31104 3.2422
7505 0.1792 2.5469 0.31165 3.3359
7510 0.17966 2.5078 0.31232 3.3047
7515 0.18021 2.4297 0.31293 3.2188
7520 0.1774 2.4141 0.30921 3.2344
7525 0.1781 2.5156 0.31024 3.3203
7530 0.17859 2.3594 0.3111 3.1797
7535 0.17847 2.6328 0.31073 3.4063
7540 0.18006 2.6016 0.31299 3.3672
7545 0.17993 2.5547 0.31281 3.3281
7550 0.18176 2.6484 0.31555 3.3672
7555 0.18036 2.4297 0.31336 3.2031
7560 0.17825 2.4297 0.31037 3.2578
7565 0.18189 2.5078 0.31561 3.2578
7570 0.1803 2.6094 0.31342 3.3281
7575 0.18063 2.5547 0.31354 3.3125
7580 0.1795 2.4844 0.31232 3.2734
7585 0.18112 2.6172 0.31464 3.3594
7590 0.18106 2.4688 0.31445 3.2266
7595 0.18094 2.5469 0.31427 3.2813
7600 0.18027 2.4844 0.31354 3.2578
7605 0.17767 2.3438 0.30982 3.1719
7610 0.18036 2.5781 0.31342 3.3281
7615 0.17938 2.6641 0.31214 3.4063
7620 0.17978 2.5313 0.31269 3.2969
7625 0.1799 2.5547 0.31281 3.3203
7630 0.17975 2.5938 0.3125 3.3438
7635 0.17911 2.6016 0.31177 3.3594
7640 0.18143 2.6094 0.31507 3.3281
7645 0.17725 2.5078 0.30921 3.3047
7650 0.17777 2.2578 0.31012 3.125
7655 0.17722 2.4375 0.30933 3.2656
7660 0.17914 2.4531 0.31177 3.2266
7665 0.17832 2.4766 0.31085 3.2578
7670 0.1774 2.3906 0.30939 3.1953
7675 0.17865 2.4766 0.31122 3.2578
7680 0.18002 2.4531 0.31323 3.2188
7685 0.17822 2.5781 0.31061 3.3516
7690 0.17844 2.5547 0.31098 3.3281
7695 0.17847 2.6094 0.31085 3.3594
7700 0.17896 2.6563 0.31165 3.4063
7705 0.17938 2.5 0.31232 3.2656
7710 0.17832 2.5313 0.31067 3.2891
7715 0.1785 2.5781 0.31085 3.3594
7720 0.17798 2.4375 0.31024 3.2266
7725 0.17661 2.4766 0.30847 3.2734
7730 0.17758 2.5391 0.30976 3.3047
7735 0.17545 2.3047 0.30658 3.1641
7740 0.17713 2.2813 0.30896 3.1094
7745 0.17661 2.3203 0.30841 3.1563
7750 0.17633 2.3516 0.3078 3.1953
7755 0.17368 2.3672 0.30426 3.2188
7760 0.17529 2.3047 0.30664 3.1484
7765 0.17633 2.4297 0.30811 3.25
7770 0.1738 2.4063 0.30457 3.2578
7775 0.17407 2.3203 0.30487 3.1797
7780 0.17316 2.2734 0.30353 3.1563
7785 0.17361 2.4375 0.30438 3.2969
7790 0.17358 2.2422 0.30432 3.1016
7795 0.17444 2.3438 0.30542 3.2031
7800 0.17374 2.1719 0.30463 3.0703
7805 0.1752 2.3438 0.30664 3.1953
7810 0.17371 2.3203 0.30438 3.2031
7815 0.17182 2.1875 0.30194 3.1172
7820 0.17264 2.2813 0.30268 3.1797
7825 0.17368 2.4844 0.30445 3.3203
7830 0.1745 2.2734 0.30567 3.1328
7835 0.1738 2.3594 0.30451 3.2266
7840 0.17346 2.3672 0.3042 3.2266
7845 0.17294 2.2891 0.30347 3.1797
7850 0.17594 2.4453 0.30744 3.25
7855 0.17453 2.2734 0.30554 3.125
7860 0.17386 2.3672 0.30457 3.2188
7865 0.17438 2.3203 0.30524 3.1797
7870 0.17404 2.4531 0.30487 3.2813
7875 0.17444 2.2422 0.30561 3.1172
7880 0.17484 2.2188 0.30597 3.0781
7885 0.17539 2.3594 0.30664 3.2031
7890 0.17661 2.5625 0.30841 3.3438
7895 0.17465 2.3203 0.30554 3.1797
7900 0.17661 2.4453 0.30823 3.2578
7905 0.17523 2.3359 0.30634 3.1797
7910 0.1763 2.4766 0.30792 3.2813
7915 0.17648 2.3672 0.30835 3.2031
7920 0.17526 2.375 0.30628 3.2109
7925 0.17603 2.3906 0.30738 3.2188
7930 0.17838 2.5 0.31073 3.2813
7935 0.17713 2.4375 0.3089 3.25
7940 0.17749 2.5234 0.30945 3.3203
7945 0.17877 2.4219 0.31122 3.2109
7950 0.17813 2.5156 0.31024 3.2813
7955 0.17883 2.4297 0.31116 3.2266
7960 0.18018 2.4844 0.31311 3.2578
7965 0.17825 2.4141 0.31043 3.25
7970 0.1792 2.5547 0.31177 3.3281
7975 0.17996 2.6016 0.31281 3.3594
7980 0.18091 2.5781 0.31415 3.3125
7985 0.18085 2.6016 0.31409 3.3359
7990 0.18051 2.6328 0.31378 3.3828
7995 0.18124 2.6719 0.31458 3.3828
8000 0.18326 2.6563 0.31745 3.3281
8005 0.17984 2.5547 0.3125 3.3047
8010 0.18216 2.5781 0.31598 3.2891
8015 0.18079 2.5781 0.31397 3.3125
8020 0.18234 2.5156 0.3161 3.2266
8025 0.18466 2.8359 0.31934 3.4609
8030 0.18259 2.7813 0.31647 3.4453
8035 0.18286 2.7344 0.31671 3.4141
8040 0.18247 2.6563 0.31622 3.3359
8045 0.18537 2.7344 0.32013 3.3672
8050 0.18271 2.6563 0.31665 3.3438
8055 0.1828 2.6875 0.31659 3.3516
8060 0.18411 2.7188 0.31842 3.3672
8065 0.18363 2.7344 0.31781 3.3906
8070 0.1861 2.8984 0.32123 3.4922
8075 0.18567 2.8516 0.32068 3.4609
8080 0.18564 2.8125 0.32086 3.4453
8085 0.18527 2.8125 0.31995 3.4375
8090 0.18488 2.8594 0.31946 3.4844
8095 0.18512 2.7969 0.31977 3.4219
8100 0.18442 2.8281 0.31879 3.4688
8105 0.18436 2.9063 0.31861 3.5234
8110 0.18466 2.8125 0.31909 3.4453
8115 0.18509 2.8438 0.3197 3.4688
8120 0.18662 2.8438 0.32166 3.4453
8125 0.18741 2.9453 0.32331 3.5156
8130 0.1853 2.7813 0.31989 3.4063
8135 0.18729 2.9297 0.32276 3.5
8140 0.18537 2.8281 0.32001 3.4453
8145 0.18921 2.9922 0.32544 3.5469
8150 0.18607 2.9219 0.32111 3.5313
8155 0.1871 2.9453 0.32239 3.5313
8160 0.18723 2.9375 0.32233 3.5313
8165 0.18741 2.9297 0.32282 3.5156
8170 0.18839 2.9219 0.32459 3.4922
8175 0.18985 3.125 0.32648 3.6406
8180 0.18781 3 0.32349 3.5547
8185 0.18942 2.9375 0.32581 3.5
8190 0.19043 3.0781 0.32691 3.5938
8195 0.18918 3.0703 0.3252 3.6016
8200 0.18994 3.0313 0.32636 3.5625
8205 0.18924 3.0234 0.32532 3.5703
8210 0.19003 3.1016 0.32654 3.6094
8215 0.19006 3.1172 0.32642 3.625
8220 0.19052 3.0703 0.32703 3.5938
8225 0.19046 3.1016 0.32691 3.6094
8230 0.19037 3.0469 0.32654 3.5781
8235 0.18866 2.9922 0.32447 3.5547
8240 0.19022 3.0859 0.32678 3.6016
8245 0.19196 3.1406 0.32935 3.6172
8250 0.19196 3.1484 0.32892 3.6406
8255 0.18994 3.0469 0.32611 3.5781
8260 0.1919 3.1953 0.3291 3.6641
8265 0.19132 3.1406 0.32819 3.6484
8270 0.19064 3.0781 0.32715 3.5938
8275 0.19034 3.0781 0.32697 3.6094
8280 0.19129 3.0859 0.32807 3.5781
8285 0.19266 3.1563 0.3299 3.625
8290 0.19214 3.1875 0.32929 3.6641
8295 0.19275 3.2031 0.33014 3.6719
8300 0.19168 3.2188 0.32855 3.6953
8305 0.1915 3.0781 0.32837 3.5938
8310 0.1926 3.1641 0.32984 3.6406
8315 0.19342 3.2109 0.33112 3.6641
8320 0.19208 3.1484 0.32916 3.6406
8325 0.19431 3.3047 0.33234 3.7344
8330 0.19287 3.1797 0.33008 3.6406
8335 0.19266 3.1641 0.32996 3.6406
8340 0.19287 3.2344 0.3302 3.6953
8345 0.19357 3.2969 0.331 3.7266
8350 0.19327 3.2969 0.33069 3.7422
8355 0.19266 3.2734 0.32965 3.7344
8360 0.19327 3.2266 0.33081 3.6953
8365 0.1936 3.3047 0.33112 3.7422
8370 0.19318 3.2578 0.33051 3.7109
8375 0.19306 3.2578 0.33038 3.7188
8380 0.1933 3.2969 0.33057 3.7422
8385 0.19357 3.2891 0.33118 3.7344
8390 0.19428 3.3594 0.33209 3.7969
8395 0.19391 3.3438 0.33154 3.7734
8400 0.19363 3.2891 0.33124 3.7344
8405 0.19391 3.2891 0.33161 3.7422
8410 0.19397 3.3281 0.33173 3.7656
8415 0.19409 3.2813 0.33173 3.7422
8420 0.19418 3.3047 0.33203 3.7344
8425 0.19409 3.3203 0.33185 3.7578
8430 0.19397 3.3594 0.33154 3.8047
8435 0.19394 3.3281 0.33161 3.7656
8440 0.19412 3.3594 0.33179 3.7969
8445 0.19412 3.3516 0.33173 3.7969
8450 0.19397 3.3359 0.33154 3.7734
8455 0.194 3.3281 0.33161 3.7813
8460 0.19446 3.375 0.33222 3.8203
8465 0.19428 3.3203 0.33203 3.7734
8470 0.19415 3.3359 0.33179 3.7813
8475 0.19452 3.3516 0.33228 3.7969
8480 0.19434 3.3359 0.33209 3.7813
8485 0.19458 3.3438 0.3324 3.7969
8490 0.19449 3.3516 0.33228 3.8047
8495 0.19458 3.3594 0.33228 3.8125
8500 0.1944 3.3516 0.33209 3.8047
8505 0.19443 3.3438 0.33161 3.7969
8510 0.17163 2.0313 0.2995 3.125
8515 0.17166 2.0625 0.29975 3.1484
8520 0.17282 2.1094 0.30145 3.1641
8525 0.17389 2.1172 0.30298 3.1641
8530 0.17423 2.1406 0.30371 3.1875
8535 0.1734 2.0938 0.30237 3.1484
8540 0.1767 2.2734 0.30725 3.2344
8545 0.17529 2.1719 0.30512 3.1797
8550 0.17536 2.2969 0.30506 3.2813
8555 0.17606 2.1719 0.30615 3.1797
8560 0.17566 2.1719 0.30567 3.1719
8565 0.17569 2.3125 0.30579 3.2969
8570 0.17508 2.0703 0.30493 3.1172
8575 0.17725 2.375 0.30811 3.3203
8580 0.17529 2.2578 0.30518 3.2656
8585 0.17597 2.2578 0.30615 3.2578
8590 0.17639 2.2188 0.30683 3.2109
8595 0.17795 2.2734 0.30939 3.2188
8600 0.17618 2.2266 0.30658 3.2188
8605 0.17734 2.2422 0.30823 3.2031
8610 0.17737 2.2734 0.30835 3.2266
8615 0.17767 2.3281 0.30878 3.3047
8620 0.17896 2.2813 0.31067 3.2188
8625 0.17752 2.4531 0.3086 3.3594
8630 0.17713 2.3125 0.30805 3.2734
8635 0.17789 2.2969 0.30921 3.25
8640 0.17972 2.3672 0.31189 3.2734
8645 0.17938 2.3516 0.31146 3.2578
8650 0.18042 2.5078 0.31281 3.3594
8655 0.18036 2.3594 0.31281 3.25
8660 0.18155 2.3906 0.31433 3.2578
8665 0.18002 2.4063 0.31232 3.2813
8670 0.18192 2.5547 0.31482 3.375
8675 0.17749 2.2891 0.3086 3.2344
8680 0.18045 2.4844 0.31293 3.3594
8685 0.17993 2.3984 0.31244 3.2813
8690 0.1803 2.2969 0.31275 3.1875
8695 0.18161 2.3984 0.31482 3.2578
8700 0.18073 2.4766 0.3136 3.3203
8705 0.18323 2.5 0.3172 3.2891
8710 0.18204 2.4688 0.31531 3.2969
8715 0.18204 2.5 0.31555 3.3281
8720 0.18085 2.4141 0.31384 3.2578
8725 0.18048 2.3047 0.31317 3.1875
8730 0.17954 2.2969 0.31207 3.2031
8735 0.18063 2.375 0.3133 3.25
8740 0.17987 2.2969 0.31256 3.1719
8745 0.17984 2.4922 0.3125 3.3672
8750 0.18054 2.4063 0.31354 3.2734
8755 0.17905 2.2734 0.3114 3.1719
8760 0.18149 2.3984 0.31482 3.2578
8765 0.18115 2.5547 0.31452 3.375
8770 0.18155 2.4766 0.31494 3.2813
8775 0.18155 2.3984 0.315 3.2422
8780 0.1814 2.5547 0.31488 3.3438
8785 0.18195 2.4844 0.31555 3.2969
8790 0.18244 2.4844 0.31629 3.2969
8795 0.18262 2.5234 0.31665 3.3125
8800 0.18103 2.6094 0.31452 3.3984
8805 0.18109 2.4688 0.31445 3.2734
8810 0.18128 2.3672 0.3147 3.2188
8815 0.18097 2.4844 0.31439 3.3047
8820 0.18137 2.4766 0.31482 3.3047
8825 0.18164 2.5469 0.31537 3.3438
8830 0.18149 2.5938 0.31507 3.375
8835 0.18152 2.4375 0.31531 3.2266
8840 0.18112 2.5078 0.31464 3.3047
8845 0.18164 2.4375 0.31549 3.2344
8850 0.18146 2.4375 0.31543 3.2344
8855 0.18176 2.4531 0.31555 3.2578
8860 0.18085 2.4141 0.31439 3.2422
8865 0.17987 2.4531 0.31305 3.2813
8870 0.18036 2.4766 0.3136 3.2891
8875 0.18091 2.4141 0.31433 3.2266
8880 0.18158 2.4844 0.31537 3.2891
8885 0.18015 2.4609 0.31342 3.2813
8890 0.17883 2.4688 0.31146 3.3047
8895 0.18048 2.3594 0.31391 3.2031
8900 0.18094 2.4922 0.31464 3.2891
8905 0.18112 2.3984 0.31464 3.2266
8910 0.17954 2.3984 0.31256 3.2266
8915 0.17911 2.3359 0.31177 3.1875
8920 0.17713 2.3203 0.30908 3.2031
8925 0.18085 2.3203 0.31452 3.1484
8930 0.1792 2.4219 0.3122 3.2656
8935 0.17877 2.5469 0.31134 3.3672
8940 0.17822 2.3047 0.31085 3.1719
8945 0.18006 2.3672 0.31372 3.1953
8950 0.17862 2.4531 0.31159 3.2969
8955 0.17844 2.4766 0.3111 3.3047
8960 0.17856 2.375 0.3114 3.2109
8965 0.17774 2.2813 0.31018 3.1797
8970 0.1788 2.375 0.31171 3.2188
8975 0.17673 2.375 0.3089 3.2422
8980 0.17719 2.3516 0.30939 3.2188
8985 0.17844 2.4688 0.3114 3.3047
8990 0.17713 2.4141 0.30945 3.2734
8995 0.17731 2.3359 0.30957 3.2031
9000 0.17627 2.2813 0.30847 3.1719
9005 0.17947 2.5234 0.31293 3.3125
9010 0.17578 2.375 0.30738 3.2813
9015 0.1734 2.2813 0.30414 3.2266
9020 0.17413 2.1953 0.30542 3.1484
9025 0.17612 2.2969 0.30823 3.1953
9030 0.17551 2.3359 0.30738 3.25
9035 0.17566 2.2422 0.30744 3.1406
9040 0.17404 2.1406 0.30524 3.1094
9045 0.17377 2.1328 0.30493 3.0781
9050 0.17331 2.2578 0.3042 3.2031
9055 0.17337 2.1484 0.30432 3.1172
9060 0.17325 2.1016 0.30408 3.0781
9065 0.17294 2.1719 0.30377 3.1328
9070 0.17151 2.2188 0.30182 3.1953
9075 0.17023 2.2031 0.29999 3.1875
9080 0.16974 2.1094 0.29932 3.1484
9085 0.16828 2.0078 0.29749 3.0781
9090 0.16815 2.0625 0.29718 3.1172
9095 0.16635 2.0078 0.29456 3.1016
9100 0.16702 1.8906 0.29547 3.0078
9105 0.16834 1.9219 0.29737 2.9922
9110 0.16693 2.0313 0.29541 3.0938
9115 0.16568 2.1016 0.2937 3.1875
9120 0.16342 1.7891 0.29059 2.9531
9125 0.16354 1.9609 0.29071 3.0938
9130 0.16266 1.8047 0.28955 2.9922
9135 0.16223 1.7344 0.28913 2.9453
9140 0.16147 1.75 0.28809 2.9688
9145 0.16315 1.9531 0.29041 3.1016
9150 0.16403 1.8281 0.29157 2.9766
9155 0.16199 1.7813 0.28858 2.9688
9160 0.16379 1.9531 0.29108 3.0859
9165 0.16303 1.9375 0.2901 3.0703
9170 0.16315 1.875 0.29035 3.0391
9175 0.16068 1.8359 0.28687 3.0391
9180 0.16171 1.8516 0.28815 3.0234
9185 0.15933 1.6719 0.28473 2.9297
9190 0.16297 2.0156 0.2901 3.1484
9195 0.16437 1.9453 0.29224 3.0625
9200 0.16516 1.9688 0.29334 3.0625
9205 0.16434 2 0.29224 3.1016
9210 0.16419 1.8359 0.29187 2.9688
9215 0.16339 1.8359 0.29077 2.9688
9220 0.16129 1.9063 0.28778 3.0703
9225 0.16049 1.8047 0.28687 3.0078
9230 0.16226 1.8359 0.28937 2.9844
9235 0.1626 1.9297 0.28986 3.0703
9240 0.16232 1.8281 0.28961 2.9766
9245 0.16132 1.7891 0.28809 2.9531
9250 0.16071 1.7578 0.28711 2.9375
9255 0.16098 1.8359 0.28766 3.0156
9260 0.16068 1.8281 0.28729 3.0234
9265 0.16043 1.8828 0.28699 3.0547
9270 0.16272 1.8438 0.28992 2.9922
9275 0.16055 1.8047 0.28693 2.9922
9280 0.15967 1.7656 0.28607 2.9688
9285 0.1608 1.8438 0.2876 3.0234
9290 0.15958 1.7578 0.28565 2.9688
9295 0.16321 1.8906 0.29077 3.0156
9300 0.1601 1.7578 0.28613 2.9609
9305 0.15994 1.8438 0.28613 3.0313
9310 0.15976 1.7891 0.28613 2.9766
9315 0.16113 1.8047 0.28791 2.9844
9320 0.16071 1.7031 0.28736 2.9063
9325 0.16065 1.8047 0.28717 2.9766
9330 0.16162 1.9063 0.28864 3.0469
9335 0.16022 1.8828 0.28638 3.0469
9340 0.16071 1.6484 0.28711 2.8516
9345 0.16122 1.9219 0.28809 3.0703
9350 0.15946 1.8984 0.28565 3.0703
9355 0.15949 1.9688 0.28565 3.1172
9360 0.15933 1.8359 0.28528 3.0078
9365 0.15863 1.8594 0.28418 3.0469
9370 0.15842 1.7344 0.28394 2.9531
9375 0.15891 1.7578 0.28473 2.9688
9380 0.15851 1.7578 0.28406 2.9688
9385 0.15997 1.8125 0.28613 2.9922
9390 0.15927 1.7813 0.28522 2.9688
9395 0.15839 1.7266 0.28382 2.9453
9400 0.15729 1.6719 0.28247 2.9141
9405 0.15894 1.8047 0.28485 3.0078
9410 0.15897 1.7891 0.28479 2.9688
9415 0.15741 1.7109 0.28266 2.9453
9420 0.15784 1.7578 0.2832 2.9688
9425 0.15869 1.7422 0.28424 2.9375
9430 0.15921 1.8047 0.28504 2.9922
9435 0.15628 1.75 0.28119 2.9688
9440 0.15625 1.7266 0.28113 2.9766
9445 0.15662 1.7266 0.28162 2.9688
9450 0.1561 1.7344 0.28101 2.9766
9455 0.15686 1.8359 0.28205 3.0469
9460 0.15518 1.6875 0.27985 2.9531
9465 0.15466 1.6875 0.27918 2.9766
9470 0.15564 1.7891 0.28058 3.0469
9475 0.15836 1.8047 0.28424 2.9922
9480 0.15582 1.7266 0.28089 2.9844
9485 0.15744 1.7969 0.28302 3.0078
9490 0.15622 1.7813 0.28137 3.0234
9495 0.15808 1.7578 0.28369 2.9688
9500 0.15674 1.8125 0.28186 3.0313
9505 0.15588 1.6719 0.28076 2.9297
9510 0.15707 1.8125 0.28241 3.0156
9515 0.15647 1.7031 0.28168 2.9375
9520 0.15674 1.7422 0.28217 2.9766
9525 0.15707 1.7578 0.28266 2.9688
9530 0.15573 1.7969 0.28058 3.0234
9535 0.15723 1.6797 0.28259 2.9063
9540 0.15479 1.7422 0.2793 2.9922
9545 0.15469 1.7031 0.27924 2.9609
9550 0.15344 1.7188 0.27771 2.9922
9555 0.15408 1.7578 0.27844 3.0234
9560 0.15408 1.8047 0.27844 3.0547
9565 0.15537 1.7578 0.28021 3.0156
9570 0.15509 1.7266 0.27979 2.9844
9575 0.15265 1.7031 0.27667 2.9922
9580 0.15354 1.7188 0.27783 2.9922
9585 0.15268 1.7188 0.27661 3.0078
9590 0.15387 1.7813 0.2782 3.0469
9595 0.15268 1.7266 0.27667 3.0156
9600 0.15472 1.7891 0.2793 3.0469
9605 0.15387 1.7031 0.2782 2.9844
9610 0.15628 1.7813 0.2815 3.0078
9615 0.15393 1.7188 0.27832 2.9922
9620 0.1539 1.7578 0.27832 3.0234
9625 0.15357 1.7266 0.27777 3
9630 0.15357 1.7031 0.27777 2.9766
9635 0.15259 1.6641 0.27631 2.9766
9640 0.15387 1.7031 0.27808 2.9922
9645 0.15405 1.7266 0.27838 3.0078
9650 0.15509 1.7344 0.27967 2.9922
9655 0.15628 1.7891 0.28162 3.0156
9660 0.15512 1.7656 0.27973 3.0078
9665 0.15579 1.7813 0.28058 3.0078
9670 0.15805 1.7656 0.28363 2.9531
9675 0.15653 1.7578 0.28131 2.9766
9680 0.15878 1.7031 0.28455 2.8984
9685 0.15766 1.7656 0.2829 2.9766
9690 0.15558 1.7266 0.27997 2.9688
9695 0.1557 1.7422 0.28021 2.9922
9700 0.15817 1.7656 0.28351 2.9766
9705 0.15805 1.8594 0.28345 3.0469
9710 0.15823 1.7969 0.28369 3
9715 0.15845 1.7266 0.28382 2.9453
9720 0.15854 1.75 0.284 2.9688
9725 0.16101 1.8203 0.28729 2.9766
9730 0.15982 1.7344 0.28577 2.9219
9735 0.15881 1.7031 0.28418 2.9297
9740 0.15973 1.7656 0.28546 2.9688
9745 0.15906 1.7266 0.28467 2.9453
9750 0.16043 1.6875 0.28644 2.8828
9755 0.16068 1.8359 0.28687 3
9760 0.16168 1.8906 0.28815 3.0469
9765 0.16074 1.8281 0.28681 3
9770 0.16074 1.7266 0.28687 2.9219
9775 0.16254 1.9844 0.28937 3.125
9780 0.16113 1.8203 0.28729 3
9785 0.1626 1.9531 0.28943 3.0781
9790 0.16238 1.8828 0.28913 3.0469
9795 0.16165 1.7813 0.28784 2.9688
9800 0.16367 1.9219 0.29102 3.0469
9805 0.16232 1.8359 0.28888 2.9922
9810 0.16211 1.8672 0.28852 3.0234
9815 0.16379 1.8828 0.29108 3.0234
9820 0.16376 1.9063 0.2909 3.0469
9825 0.16235 1.8281 0.2887 2.9844
9830 0.16269 1.7031 0.28931 2.8828
9835 0.16532 2.0078 0.29315 3.0859
9840 0.16428 1.8828 0.29157 2.9922
9845 0.16431 1.8438 0.29114 3.0078
9850 0.16422 1.9063 0.29138 3.0391
9855 0.1651 1.9375 0.29248 3.0703
9860 0.16361 1.8828 0.29047 3.0313
9865 0.16467 1.8516 0.29187 2.9922
9870 0.16373 1.8438 0.29059 3.0156
9875 0.16269 1.8672 0.28913 3.0469
9880 0.16431 1.8906 0.29132 3.0469
9885 0.16382 1.8203 0.29047 2.9922
9890 0.1648 2.0313 0.29187 3.1406
9895 0.16776 1.9766 0.29621 3.0703
9900 0.1655 2.0625 0.29285 3.1719
9905 0.16501 1.8203 0.29224 2.9688
9910 0.16632 2.0547 0.29425 3.1484
9915 0.16596 1.8906 0.29346 3.0234
9920 0.16608 1.9375 0.2937 3.0703
9925 0.16687 2.0781 0.2948 3.1797
9930 0.16696 2.0938 0.29492 3.1719
9935 0.16705 1.9375 0.29499 3.0391
9940 0.16718 2.0156 0.29511 3.1094
9945 0.16843 2.0703 0.297 3.125
9950 0.16837 1.9688 0.29669 3.0391
9955 0.16773 2.0234 0.29572 3.1172
9960 0.16879 2.1172 0.29724 3.1563
9965 0.16956 2.0156 0.29828 3.0938
9970 0.16922 1.9844 0.29761 3.0703
9975 0.16867 2.0234 0.29694 3.1016
9980 0.16913 1.9609 0.29767 3.0391
9985 0.16879 1.9375 0.297 3.0313
9990 0.16831 2.0625 0.29645 3.1484
9995 0.16992 2.0469 0.29871 3.0938
10000 0.16907 2.0938 0.29767 3.1563
10005 0.17117 2.0547 0.30017 3.0859
10010 0.17081 2.1406 0.29987 3.1641
10015 0.17172 2.2422 0.30078 3.2266
10020 0.17053 2.0156 0.29956 3.0469
10025 0.17081 2.0234 0.30005 3.0703
10030 0.17053 1.9844 0.29944 3.0469
10035 0.17123 2.0938 0.30042 3.125
10040 0.1712 2.1406 0.30036 3.1797
10045 0.17288 2.0938 0.3028 3.0781
10050 0.17142 2.1172 0.30072 3.1406
10055 0.1723 2.0234 0.302 3.0625
10060 0.17426 2.2188 0.30469 3.1953
10065 0.17093 2.0313 0.29987 3.0781
10070 0.17377 2.0469 0.30396 3.0469
10075 0.17276 2.1875 0.30237 3.1797
10080 0.17297 2.1328 0.30268 3.1406
10085 0.17413 2.1172 0.30426 3.1016
10090 0.17395 2.2969 0.30402 3.25
10095 0.17523 2.2422 0.30591 3.1953
10100 0.17594 2.2422 0.30695 3.1797
10105 0.17316 2.2031 0.30292 3.1953
10110 0.17539 2.25 0.30615 3.2031
10115 0.17468 2.1172 0.305 3.1094
10120 0.17508 2.2891 0.3053 3.2266
10125 0.17532 2.2969 0.30609 3.2344
10130 0.17594 2.2734 0.30676 3.2109
10135 0.17648 2.3203 0.3075 3.2344
10140 0.1767 2.3203 0.30792 3.2266
10145 0.17664 2.3359 0.30774 3.25
10150 0.17743 2.25 0.30878 3.1641
10155 0.17716 2.3516 0.30835 3.2734
10160 0.17722 2.3984 0.30841 3.3047
10165 0.1763 2.2813 0.30713 3.2188
10170 0.17783 2.2891 0.30908 3.2109
10175 0.17783 2.4063 0.30939 3.3125
10180 0.18167 2.5234 0.31464 3.3281
10185 0.17749 2.3125 0.3089 3.2266
10190 0.17801 2.2578 0.30957 3.1797
10195 0.17835 2.2969 0.30988 3.2188
10200 0.17877 2.4297 0.31067 3.3125
10205 0.17883 2.2813 0.31061 3.1875
10210 0.17975 2.4297 0.31183 3.3047
10215 0.17911 2.4766 0.3111 3.3516
10220 0.18198 2.4219 0.315 3.2578
10225 0.18161 2.4766 0.31482 3.3047
10230 0.1803 2.4531 0.31293 3.3047
10235 0.18445 2.5703 0.31867 3.3359
10240 0.18109 2.4688 0.31378 3.3047
10245 0.18128 2.5078 0.31391 3.3281
10250 0.18045 2.4688 0.31287 3.3281
10255 0.18079 2.3984 0.3133 3.2578
10260 0.18167 2.5938 0.31433 3.4063
10265 0.1806 2.3984 0.31311 3.2734
10270 0.181 2.5313 0.31372 3.3672
10275 0.18185 2.4766 0.31464 3.3047
10280 0.18167 2.4531 0.31482 3.2813
10285 0.18271 2.4922 0.31616 3.3047
10290 0.17993 2.4297 0.3122 3.3047
10295 0.18283 2.5391 0.31629 3.3281
10300 0.18216 2.3984 0.31525 3.25
10305 0.18042 2.3438 0.31287 3.2344
10310 0.17984 2.3672 0.31201 3.2656
10315 0.18253 2.375 0.31561 3.2266
10320 0.18173 2.5391 0.3147 3.375
10325 0.18006 2.4766 0.31244 3.3516
10330 0.18192 2.4844 0.31507 3.3203
10335 0.18167 2.4453 0.31488 3.2969
10340 0.18076 2.3906 0.31336 3.25
10345 0.18326 2.4219 0.31696 3.2578
10350 0.18274 2.5156 0.31604 3.3203
10355 0.18277 2.5938 0.31671 3.3984
10360 0.18173 2.4844 0.31531 3.3281
10365 0.18195 2.3906 0.31543 3.2266
10370 0.18305 2.4063 0.31702 3.2344
10375 0.18118 2.4063 0.31427 3.2656
10380 0.18225 2.4297 0.31568 3.2578
10385 0.1803 2.3516 0.31281 3.2266
10390 0.18082 2.4609 0.31384 3.3047
10395 0.18128 2.4141 0.31458 3.2578
10400 0.1825 2.4297 0.31616 3.2578
10405 0.18045 2.4453 0.31323 3.2891
10410 0.18091 2.3828 0.31378 3.25
10415 0.18204 2.5313 0.3158 3.3359
10420 0.1817 2.5313 0.31519 3.3281
10425 0.18146 2.3203 0.3147 3.1641
10430 0.18097 2.4297 0.31397 3.2734
10435 0.18115 2.3984 0.31476 3.2344
10440 0.18247 2.5 0.31629 3.3281
10445 0.18152 2.4766 0.31537 3.3047
10450 0.18176 2.5156 0.31537 3.3359
10455 0.18118 2.3672 0.31452 3.2266
10460 0.18329 2.5234 0.31763 3.3125
10465 0.18121 2.3828 0.31464 3.2422
10470 0.1828 2.5313 0.31696 3.3281
10475 0.18347 2.5313 0.31793 3.3047
10480 0.18231 2.5078 0.31641 3.3125
10485 0.18259 2.4297 0.31659 3.25
10490 0.18039 2.3516 0.31348 3.2266
10495 0.18247 2.4609 0.31629 3.2813
10500 0.1821 2.4766 0.31604 3.2891
10505 0.18259 2.4219 0.3169 3.2266
10510 0.18234 2.4297 0.31629 3.2422
10515 0.18204 2.375 0.31586 3.2109
10520 0.18207 2.3828 0.31604 3.2109
10525 0.18094 2.3984 0.31433 3.25
10530 0.1817 2.3984 0.31561 3.2266
10535 0.18152 2.4375 0.31531 3.2578
10540 0.18051 2.4375 0.31378 3.2813
10545 0.17972 2.4531 0.31256 3.3047
10550 0.18027 2.4531 0.31348 3.2734
10555 0.18158 2.4297 0.31543 3.2344
10560 0.18155 2.4844 0.31543 3.2813
10565 0.18076 2.3906 0.31409 3.2266
10570 0.18015 2.3594 0.31323 3.2031
10575 0.18076 2.3906 0.31409 3.2344
10580 0.1807 2.4531 0.31415 3.2969
10585 0.17969 2.3359 0.31281 3.2031
10590 0.17987 2.5156 0.31305 3.3516
10595 0.17877 2.3203 0.3114 3.2109
10600 0.1795 2.3203 0.31238 3.1797
10605 0.17987 2.4297 0.31287 3.2656
10610 0.17761 2.2969 0.30957 3.2188
10615 0.1792 2.3281 0.31226 3.2266
10620 0.17713 2.2188 0.30914 3.1563
10625 0.17771 2.2734 0.31012 3.1797
10630 0.17856 2.2969 0.31134 3.2031
10635 0.17761 2.2734 0.30994 3.2031
10640 0.17993 2.3672 0.31317 3.2266
10645 0.17584 2.2969 0.30774 3.2578
10650 0.17639 2.2969 0.30823 3.2188
10655 0.17389 2.0391 0.30457 3.0625
10660 0.17627 2.1484 0.30786 3.1172
10665 0.17676 2.125 0.3089 3.0781
10670 0.17575 2.0859 0.30731 3.0703
10675 0.17478 2.2344 0.30597 3.2031
10680 0.17569 2.2656 0.30731 3.2031
10685 0.17682 2.2734 0.3089 3.2031
10690 0.17676 2.2188 0.30884 3.1406
10695 0.17771 2.2422 0.31018 3.1406
10700 0.1774 2.2891 0.30976 3.1797
10705 0.1759 2.2734 0.30762 3.1953
10710 0.17697 2.4297 0.30927 3.2969
10715 0.17603 2.2422 0.30768 3.1563
10720 0.17572 2.2734 0.30731 3.2031
10725 0.17767 2.3516 0.31024 3.2266
10730 0.17697 2.2969 0.30927 3.2031
10735 0.17645 2.1953 0.30847 3.125
10740 0.17642 2.2578 0.30841 3.1797
10745 0.17435 2.3281 0.30518 3.2578
10750 0.17514 2.2578 0.30658 3.1953
10755 0.17578 2.2188 0.30786 3.1484
10760 0.17536 2.3281 0.30707 3.25
10765 0.17627 2.1406 0.30835 3.0703
10770 0.17719 2.2734 0.30957 3.1797
10775 0.17554 2.3125 0.30719 3.2031
10780 0.17569 2.1719 0.3075 3.1016
10785 0.17514 2.3203 0.30664 3.2266
10790 0.17566 2.2422 0.30756 3.1563
10795 0.17505 2.1172 0.30664 3.0781
10800 0.1741 2.2109 0.30524 3.1641
