0.33 0.2912 -0.13281 -9.9183E-5 90.102
3.16 0.29126 -0.054688 -0.0004468 90.485
5.86 0.29126 -0.085938 -0.00024843 90.266
9.77 0.29132 -0.10938 -9.0123E-5 90.086
12.68 0.29135 -0.10938 0.00014353 89.829
15.51 0.29132 -0.062501 -9.4414E-5 90.102
18.36 0.29141 -0.054688 -0.00012493 90.133
21.31 0.29144 0.046875 -0.00025368 90.266
24.18 0.29141 0.015625 -8.5354E-5 90.086
26.98 0.29141 -0.039063 0.0001173 89.868
29.88 0.29144 0.046875 5.2452E-6 89.985
32.93 0.29144 0.046875 -0.00012445 90.133
36.72 0.29157 0.0078126 7.6295E-6 89.985
39.67 0.29151 0.14844 -1.9074E-6 89.993
42.53 0.29147 0.070313 -3.9578E-5 90.032
45.24 0.29151 0.10938 -0.00012684 90.133
48.35 0.29154 0.15625 -1.4305E-6 89.993
51.24 0.2916 0.19531 -0.00014448 90.149
54.16 0.29151 0.28125 -4.2439E-5 90.04
57 0.29157 0.19531 -2.6226E-5 90.024
59.87 0.29144 0.15625 5.5313E-5 89.93
63.75 0.29154 0.17969 -6.1989E-5 90.063
66.72 0.29144 0.21875 -7.3433E-5 90.071
69.67 0.29144 0.125 0.00010347 89.883
72.6 0.29144 0.17188 -0.00017405 90.188
75.67 0.29141 0.1875 -2.9087E-5 90.032
78.72 0.29138 0.1875 0.00010014 89.883
81.73 0.29132 0.070313 0.00014496 89.829
84.84 0.29129 0 -5.6744E-5 90.055
87.08 0.29129 0.070313 5.2929E-5 89.938
90.17 0.29132 0 0.00028372 89.672
93.25 0.29126 0.0078126 0.00026083 89.704
96.52 0.29135 -0.03125 0.00011301 89.876
99.53 0.29126 -0.0078126 0.00030089 89.657
102.48 0.2912 -0.125 0.00029755 89.665
105.52 0.2912 -0.078126 0.00016689 89.805
108.55 0.29105 -0.21094 0.00041723 89.532
111.59 0.29114 -0.14063 0.0004592 89.485
114.61 0.29114 -0.13281 0.00048161 89.469
117.62 0.29111 -0.093751 0.0002451 89.727
120.83 0.29114 -0.10938 0.00021219 89.758
123.8 0.29117 -0.23438 0.00028086 89.68
125.82 0.29114 -0.16406 0.00038719 89.571
128.88 0.29117 -0.21875 0.00037384 89.579
131.96 0.29114 -0.23438 0.00019598 89.774
134.97 0.29114 -0.24219 0.00039768 89.555
138.11 0.29102 -0.35156 0.00055933 89.376
141.21 0.29105 -0.34375 0.00033522 89.626
144.25 0.29105 -0.33594 0.00066615 89.258
147.41 0.29102 -0.39063 0.00056029 89.376
150.33 0.29102 -0.30469 0.00061179 89.313
153.26 0.29105 -0.38281 0.00039387 89.555
156.4 0.29099 -0.44531 0.00067854 89.243
159.33 0.29108 -0.4375 0.00069905 89.227
162.34 0.29105 -0.38281 0.00076151 89.149
165.43 0.29108 -0.28125 0.00076628 89.149
168.43 0.29117 -0.23438 0.00082827 89.079
171.48 0.2912 -0.1875 0.00056839 89.368
174.65 0.2912 -0.19531 0.0005889 89.344
177.53 0.29123 -0.10156 0.00052929 89.399
180.67 0.29129 -0.015625 0.00033283 89.626
182.83 0.29135 0.039063 0.00032139 89.641
186.78 0.29135 0 0.00043297 89.516
189.81 0.29141 0.125 0.00044489 89.501
192.81 0.29132 0.054688 0.00060845 89.313
195.65 0.29135 0.13281 0.00054455 89.391
198.5 0.29132 0.078126 0.00037623 89.579
201.4 0.29138 0.10156 0.00048256 89.461
204.29 0.29144 0.14063 0.0003686 89.579
207.16 0.29144 0.078126 0.00057555 89.36
210.07 0.29144 0.039063 0.00052119 89.415
213.15 0.29151 0.046875 0.00052453 89.415
215.97 0.29151 0.125 0.00037289 89.586
218.92 0.29154 0.11719 0.00039292 89.563
222.71 0.29154 0.26563 0.00016928 89.805
225.5 0.29154 0.17969 0.00032377 89.641
228.4 0.29151 0.26563 0.00039912 89.555
231.28 0.2916 0.19531 0.00029373 89.672
234.32 0.29151 0.21094 7.9155E-5 89.907
237.21 0.29151 0.22656 0.00020647 89.774
240.1 0.29151 0.22656 0.00016499 89.813
242.99 0.29151 0.33594 5.579E-5 89.93
245.96 0.29154 0.26563 4.3869E-5 89.946
248.9 0.29144 0.29688 -0.0001502 90.157
252.81 0.29154 0.20313 1.812E-5 89.977
254.93 0.29138 0.17969 8.9646E-5 89.891
257.93 0.29135 0.16406 -9.6798E-5 90.094
260.89 0.29135 0.125 -3.7194E-5 90.032
264.11 0.29135 0.20313 -0.00015497 90.165
267.35 0.29126 0.085938 -0.00017929 90.188
270.38 0.29129 0.062501 -7.0572E-5 90.071
273.51 0.29135 0.15625 -0.00031519 90.344
276.56 0.29126 0.17969 -0.00038338 90.415
279.5 0.29123 0.070313 -0.00027085 90.297
282.58 0.29105 -0.062501 -0.00022745 90.243
285.57 0.29114 0.0078126 -0.00020743 90.227
288.63 0.29108 -0.10938 -0.00039101 90.422
291.64 0.29102 -0.13281 -0.00015545 90.165
294.66 0.29108 -0.11719 -0.00035381 90.391
297.68 0.29108 -0.13281 -0.00031376 90.344
299.81 0.29096 -0.10938 -0.00045395 90.501
302.89 0.29096 -0.13281 -0.00047493 90.524
305.99 0.29099 -0.20313 -0.00042439 90.469
309.05 0.29096 -0.17188 -0.00034189 90.376
312.02 0.29087 -0.26563 -0.0001607 90.165
315.24 0.2909 -0.093751 -0.00053359 90.586
318.16 0.29099 -0.23438 -0.00028181 90.305
321.28 0.29096 -0.27344 -0.000278 90.297
324.35 0.29102 -0.28125 -0.00012493 90.133
327.3 0.29105 -0.24219 -0.00033093 90.36
330.43 0.29096 -0.28906 -0.00017262 90.18
333.4 0.29099 -0.26563 -0.00029707 90.321
336.34 0.29105 -0.28906 -0.00032473 90.344
339.51 0.29108 -0.24219 -0.00028134 90.305
342.45 0.29114 -0.26563 -0.00017977 90.188
345.36 0.29105 -0.11719 -0.00040722 90.446
348.56 0.29114 -0.10938 -0.00021792 90.235
351.59 0.29114 -0.054688 -0.00050116 90.555
354.64 0.2912 -0.093751 -0.00029612 90.321
357.67 0.2912 -0.046875 -0.00028134 90.305
360.33 0.29123 0.070313 -0.0004015 90.438
0.33 0.29117 0.046875 -0.00032902 90.36
3.16 0.29126 0.11719 -0.00034142 90.376
5.86 0.29135 0.10156 -0.00022936 90.243
9.77 0.29132 0.046875 -0.00031376 90.336
12.68 0.29138 0.085938 -0.00035811 90.383
15.51 0.29141 0.15625 -0.00035715 90.383
18.36 0.29144 0.14844 -0.00019694 90.211
21.31 0.29135 0.125 -0.0001297 90.141
24.18 0.29147 0.14844 -9.6322E-5 90.102
26.98 0.29144 0.19531 -0.00036526 90.399
29.88 0.29141 0.13281 -0.00034046 90.376
32.93 0.29151 0.093751 -0.00020504 90.219
36.72 0.29144 0.125 -4.1485E-5 90.032
39.67 0.29144 0.17969 -0.00015497 90.165
42.53 0.29147 0.19531 -9.7752E-5 90.094
45.24 0.29151 0.24219 -6.0559E-5 90.063
48.35 0.29154 0.23438 -0.00022602 90.243
51.24 0.29144 0.46094 -0.00035381 90.383
54.16 0.29147 0.33594 -0.00040865 90.446
57 0.29144 0.35938 -0.00036335 90.399
59.87 0.29147 0.33594 -8.2493E-5 90.086
63.75 0.29141 0.28125 -0.0002017 90.219
66.72 0.29151 0.27344 -0.00024462 90.266
69.67 0.29141 0.20313 -0.00017738 90.188
72.6 0.29144 0.26563 -0.00012684 90.133
75.67 0.29138 0.24219 -0.00039673 90.43
78.72 0.29135 0.21094 -0.00037575 90.407
81.73 0.29135 0.125 -0.00030136 90.321
84.84 0.29123 0.14844 -0.00034571 90.376
87.08 0.29135 0.093751 -5.436E-5 90.055
90.17 0.29129 0.093751 -6.0082E-5 90.055
93.25 0.29129 0.22656 -0.00027657 90.297
96.52 0.29117 0.10156 0.00014973 89.829
99.53 0.29117 0.070313 -0.00012732 90.141
102.48 0.29123 -0.0078126 -2.3842E-6 89.993
105.52 0.29114 -0.03125 -4.673E-5 90.04
108.55 0.29114 -0.046875 -0.00019217 90.204
111.59 0.29111 -0.10938 2.7657E-5 89.961
114.61 0.29108 0 -3.3379E-5 90.032
117.62 0.29105 0.10156 -0.00015879 90.165
120.83 0.29099 0.015625 -0.00010872 90.11
123.8 0.29099 -0.19531 8.297E-5 89.907
125.82 0.29102 -0.17188 0.00016403 89.813
128.88 0.29102 -0.20313 0.00028372 89.68
131.96 0.29099 -0.13281 0.00020647 89.766
134.97 0.29099 -0.1875 0.0001154 89.868
138.11 0.29087 -0.15625 0.00011587 89.868
141.21 0.29093 -0.20313 0.00022411 89.743
144.25 0.29087 -0.14063 0.00027228 89.696
147.41 0.29087 -0.1875 0.00034619 89.61
150.33 0.29093 -0.375 0.00027323 89.696
153.26 0.29083 -0.15625 1.4782E-5 89.977
156.4 0.29099 -0.1875 0.00034285 89.618
159.33 0.29096 -0.14063 0.00038767 89.571
162.34 0.29096 -0.13281 0.00031328 89.649
165.43 0.29096 -0.10938 0.00034332 89.618
168.43 0.29099 -0.11719 0.00027371 89.688
171.48 0.29099 -0.054688 0.00035858 89.594
174.65 0.29102 0.046875 0.00019741 89.774
177.53 0.29108 0.054688 0.00028372 89.672
180.67 0.29108 0.11719 0.00029183 89.672
182.83 0.29117 0.11719 0.00030375 89.657
186.78 0.29117 0.1875 0.00035572 89.602
189.81 0.29114 0.13281 0.00034046 89.618
192.81 0.29126 0.20313 0.00021172 89.758
195.65 0.2912 0.21875 0.00041819 89.524
198.5 0.29123 0.15625 0.00045157 89.493
201.4 0.2912 0.25 0.00042153 89.532
204.29 0.29123 0.22656 0.0001998 89.774
207.16 0.29129 0.22656 0.0003562 89.594
210.07 0.29123 0.34375 0.0001545 89.829
213.15 0.2912 0.25781 4.9114E-5 89.938
215.97 0.2912 0.28125 -1.3828E-5 90.008
218.92 0.29123 0.22656 0.00020552 89.774
222.71 0.29126 0.22656 2.4796E-5 89.969
225.5 0.29129 0.30469 -5.6744E-5 90.063
228.4 0.29132 0.28125 -0.00011873 90.126
231.28 0.29123 0.30469 -4.8161E-5 90.04
234.32 0.29123 0.41406 -4.3392E-5 90.04
237.21 0.29123 0.39063 -3.7194E-5 90.032
240.1 0.29123 0.28125 -5.6744E-5 90.063
242.99 0.29117 0.47656 -0.00031185 90.336
245.96 0.29108 0.32813 -5.8174E-5 90.063
248.9 0.29114 0.34375 -8.297E-5 90.086
252.81 0.29111 0.30469 -5.0068E-5 90.047
254.93 0.29108 0.36719 -0.00026178 90.29
257.93 0.29105 0.25781 -0.00027275 90.297
260.89 0.29099 0.29688 -0.00017882 90.188
264.11 0.29102 0.25 -0.0001359 90.141
267.35 0.29099 0.16406 -0.00024843 90.266
270.38 0.29087 0.11719 -0.00014925 90.157
273.51 0.2909 0.14844 -0.00017119 90.188
276.56 0.29083 0.14844 -0.00030232 90.329
279.5 0.2909 0.023438 -0.0002718 90.297
282.58 0.29087 -0.015625 -0.00032139 90.344
285.57 0.29077 0.015625 -0.00027275 90.297
288.63 0.2908 0.03125 -0.00021505 90.227
291.64 0.29071 0.054688 -0.00040102 90.438
294.66 0.29077 0.039063 -0.00031853 90.344
297.68 0.2908 0.015625 -0.00041771 90.454
299.81 0.29074 0.062501 -0.00039387 90.422
302.89 0.29065 -0.054688 -0.00047445 90.524
305.99 0.29068 -0.16406 -0.00036383 90.399
309.05 0.29068 -0.125 -0.00028801 90.313
312.02 0.29068 -0.16406 -0.00037098 90.399
315.24 0.29068 -0.1875 -0.00049878 90.547
318.16 0.29062 -0.19531 -0.00032139 90.344
321.28 0.29053 -0.078126 -0.00053025 90.579
324.35 0.29056 -0.10938 -0.00035143 90.383
327.3 0.29062 -0.1875 -0.00033426 90.36
330.43 0.29068 -0.13281 -0.00039959 90.438
333.4 0.29065 -0.10156 -0.00038767 90.422
336.34 0.29062 -0.093751 -0.00030518 90.329
339.51 0.29068 -0.10156 -0.00060368 90.665
342.45 0.29077 0.0078126 -0.00033856 90.376
345.36 0.29083 -0.054688 -0.00025129 90.266
348.56 0.29083 -0.03125 -0.00022555 90.243
351.59 0.29083 0.054688 -0.00044251 90.485
354.64 0.29087 0.085938 -0.0004654 90.501
357.67 0.2908 0.28906 -0.00045443 90.501
360.33 0.29087 0.27344 -0.00059367 90.657
