0.33 0.53498 0.22656 -0.00042105 90.258
3.16 0.53492 0.125 -0.00042963 90.266
5.86 0.53492 0.14063 -0.00067902 90.422
9.77 0.53492 0.17969 -0.0011077 90.704
12.68 0.53486 0.15625 -0.0012951 90.813
15.51 0.53479 0.25 -0.0015931 91.008
18.36 0.53492 0.15625 -0.0016208 91.024
21.31 0.53479 0.10156 -0.0016809 91.063
24.18 0.53479 0.30469 -0.0021453 91.352
26.98 0.53473 0.28125 -0.0022536 91.43
29.88 0.53479 0.30469 -0.0023747 91.501
32.93 0.53479 0.29688 -0.0024858 91.579
36.72 0.53479 0.30469 -0.0025935 91.641
39.67 0.53486 0.29688 -0.0026007 91.641
42.53 0.53486 0.35938 -0.0026703 91.688
45.24 0.53473 0.36719 -0.0027557 91.743
48.35 0.53479 0.40625 -0.0027151 91.719
51.24 0.53467 0.47656 -0.002821 91.79
54.16 0.53473 0.49219 -0.0027499 91.743
57 0.53467 0.44531 -0.0026083 91.649
59.87 0.53461 0.4375 -0.0024347 91.532
63.75 0.53461 0.42969 -0.0022597 91.43
66.72 0.53473 0.53907 -0.0022307 91.407
69.67 0.53461 0.38281 -0.0017634 91.11
72.6 0.53473 0.39063 -0.0015335 90.969
75.67 0.53473 0.39844 -0.0012817 90.813
78.72 0.53467 0.33594 -0.00098229 90.618
81.73 0.53455 0.29688 -0.00060463 90.376
84.84 0.53467 0.30469 -0.0003829 90.235
87.08 0.53473 0.23438 -2.6703E-5 90.008
90.17 0.53473 0.25781 0.00019694 89.876
93.25 0.53467 0.25 0.00042677 89.727
96.52 0.53479 0.28125 0.00067854 89.563
99.53 0.53467 0.19531 0.0010052 89.36
102.48 0.53473 0.15625 0.0013118 89.157
105.52 0.53473 0.10156 0.0015941 88.977
108.55 0.53467 0.13281 0.0017705 88.876
111.59 0.53473 0.046875 0.0021753 88.61
114.61 0.53467 0.085938 0.0022569 88.563
117.62 0.53461 0.11719 0.0023704 88.485
120.83 0.53473 0.10938 0.0025196 88.399
123.8 0.53473 0.15625 0.0025244 88.391
125.82 0.53467 0.085938 0.0027104 88.274
128.88 0.53467 0.10938 0.002708 88.274
131.96 0.53467 -0.039063 0.0029936 88.094
134.97 0.53467 0.078126 0.0028358 88.196
138.11 0.53449 -0.015625 0.0029535 88.118
141.21 0.53449 -0.023438 0.0030098 88.086
144.25 0.53455 -0.054688 0.0029793 88.102
147.41 0.53455 -0.054688 0.0029211 88.141
150.33 0.53461 -0.10938 0.0029292 88.133
153.26 0.53467 -0.062501 0.0027943 88.227
156.4 0.53461 -0.046875 0.0026059 88.344
159.33 0.53455 -0.015625 0.0023642 88.493
162.34 0.53467 -0.062501 0.002265 88.555
165.43 0.53449 0.085938 0.0018292 88.836
168.43 0.53443 0.078126 0.0016251 88.961
171.48 0.53437 0.1875 0.0012136 89.219
174.65 0.53443 0.21094 0.00088358 89.43
177.53 0.53437 0.29688 0.00058365 89.626
180.67 0.53431 0.23438 0.00035763 89.766
182.83 0.53425 0.30469 -9.5368E-6 90.001
186.78 0.53418 0.27344 -0.00030375 90.188
189.81 0.53425 0.25781 -0.00051308 90.321
192.81 0.53418 0.38281 -0.00094891 90.594
195.65 0.53406 0.30469 -0.0010443 90.657
198.5 0.534 0.33594 -0.0013824 90.876
201.4 0.534 0.3125 -0.0015793 91.001
204.29 0.53394 0.33594 -0.0017867 91.133
207.16 0.53406 0.3125 -0.0018864 91.196
210.07 0.53406 0.35156 -0.0021749 91.383
213.15 0.534 0.41406 -0.0023704 91.501
215.97 0.534 0.36719 -0.0023627 91.501
218.92 0.53406 0.32031 -0.0023861 91.508
222.71 0.534 0.35156 -0.0024901 91.579
225.5 0.53406 0.36719 -0.0025349 91.61
228.4 0.53406 0.40625 -0.0025888 91.641
231.28 0.534 0.48438 -0.002707 91.719
234.32 0.534 0.48438 -0.0026159 91.657
237.21 0.53388 0.55469 -0.0026417 91.672
240.1 0.53376 0.51563 -0.00245 91.555
242.99 0.5337 0.55469 -0.0024481 91.555
245.96 0.53376 0.51563 -0.0022464 91.422
248.9 0.53376 0.46094 -0.0020313 91.282
252.81 0.53382 0.48438 -0.00178 91.126
254.93 0.53376 0.38281 -0.0014563 90.915
257.93 0.53388 0.3125 -0.0011592 90.735
260.89 0.53376 0.34375 -0.00098563 90.626
264.11 0.53376 0.28125 -0.00062991 90.391
267.35 0.53388 0.35156 -0.00050831 90.321
270.38 0.53388 0.30469 -0.00016499 90.094
273.51 0.53376 0.28906 5.436E-5 89.961
276.56 0.53376 0.22656 0.00038004 89.751
279.5 0.53388 0.21094 0.0006032 89.61
282.58 0.53388 0.25781 0.00074673 89.516
285.57 0.53388 0.1875 0.00099946 89.36
288.63 0.53388 0.20313 0.0012345 89.211
291.64 0.53376 0.13281 0.0014563 89.063
294.66 0.53376 0.14844 0.0016122 88.969
297.68 0.53382 0.125 0.0017648 88.876
299.81 0.53376 0.11719 0.0017991 88.844
302.89 0.5337 0.125 0.0019102 88.774
305.99 0.53388 0.125 0.0020027 88.719
309.05 0.53382 0.14063 0.0019984 88.719
312.02 0.53388 0.078126 0.0021224 88.641
315.24 0.53376 0.046875 0.0021453 88.626
318.16 0.53388 0.070313 0.0021596 88.618
321.28 0.53388 0.125 0.0020566 88.688
324.35 0.53388 0.046875 0.0021167 88.649
327.3 0.53388 0.039063 0.0020399 88.696
330.43 0.53388 -0.03125 0.0021329 88.641
333.4 0.534 -0.054688 0.0020399 88.696
336.34 0.53394 0.015625 0.0017629 88.876
339.51 0.53388 0.0078126 0.0016155 88.969
342.45 0.53394 0.062501 0.0013647 89.126
345.36 0.53394 0.11719 0.0010314 89.336
348.56 0.53394 0.14063 0.00071907 89.54
351.59 0.53394 0.25781 0.00031805 89.79
354.64 0.53394 0.27344 6.1036E-5 89.961
357.67 0.53394 0.26563 -0.00019646 90.118
360.33 0.53388 0.23438 -0.00031138 90.188
0.33 0.53388 0.26563 -0.0004654 90.29
3.16 0.53382 0.33594 -0.00078726 90.493
5.86 0.5337 0.35938 -0.0010858 90.68
9.77 0.53363 0.36719 -0.0014444 90.915
12.68 0.53363 0.32031 -0.0016065 91.016
15.51 0.5337 0.35938 -0.001843 91.165
18.36 0.53363 0.40625 -0.002028 91.274
21.31 0.53363 0.39844 -0.0022435 91.422
24.18 0.53363 0.38281 -0.0024142 91.532
26.98 0.53376 0.40625 -0.0026097 91.657
29.88 0.53376 0.41406 -0.0027161 91.719
32.93 0.53363 0.42188 -0.0028081 91.782
36.72 0.5337 0.39844 -0.0028668 91.821
39.67 0.53363 0.48438 -0.0029831 91.899
42.53 0.5337 0.48438 -0.0029993 91.899
45.24 0.5337 0.41406 -0.0028696 91.821
48.35 0.53376 0.5625 -0.0030584 91.938
51.24 0.5337 0.54688 -0.0029793 91.891
54.16 0.53363 0.53907 -0.0028668 91.821
57 0.5337 0.54688 -0.0028014 91.774
59.87 0.5337 0.54688 -0.0026884 91.704
63.75 0.5337 0.5625 -0.0025306 91.602
66.72 0.5337 0.60938 -0.0024119 91.532
69.67 0.53376 0.52344 -0.002038 91.29
72.6 0.53376 0.55469 -0.0018754 91.188
75.67 0.53382 0.53125 -0.0015779 90.993
78.72 0.53394 0.42969 -0.0011721 90.735
81.73 0.53388 0.47656 -0.00095463 90.602
84.84 0.53388 0.375 -0.00055456 90.344
87.08 0.53388 0.41406 -0.00041437 90.258
90.17 0.53394 0.39844 -0.00011635 90.063
93.25 0.53394 0.41406 6.9619E-5 89.954
96.52 0.53394 0.38281 0.00041056 89.727
99.53 0.534 0.29688 0.00079823 89.485
102.48 0.53406 0.28125 0.0010986 89.29
105.52 0.53412 0.25781 0.0013237 89.157
108.55 0.53412 0.25781 0.0015564 89.001
111.59 0.53412 0.23438 0.0017777 88.868
114.61 0.53412 0.25781 0.0019226 88.766
117.62 0.53418 0.25781 0.0021162 88.649
120.83 0.53425 0.20313 0.0022988 88.532
123.8 0.53425 0.23438 0.0024333 88.446
125.82 0.53431 0.16406 0.0026589 88.305
128.88 0.53425 0.15625 0.0026789 88.29
131.96 0.53431 0.11719 0.0027752 88.227
134.97 0.53425 0.10156 0.0028663 88.172
138.11 0.53431 0.23438 0.0026846 88.29
141.21 0.53431 0.23438 0.0026226 88.329
144.25 0.53431 0.1875 0.0026722 88.297
147.41 0.53425 0.078126 0.0027619 88.243
150.33 0.53431 0.046875 0.0027375 88.251
153.26 0.53437 0.078126 0.0026036 88.344
156.4 0.53437 0.13281 0.002389 88.485
159.33 0.53443 0.11719 0.0022583 88.563
162.34 0.53437 0.10156 0.0020409 88.696
165.43 0.53437 0.20313 0.0016365 88.954
168.43 0.53437 0.32813 0.0012102 89.227
171.48 0.53437 0.32031 0.00092936 89.407
174.65 0.53437 0.41406 0.00053406 89.657
177.53 0.53431 0.46094 0.00025988 89.829
180.67 0.53425 0.45313 -2.4319E-5 90.008
182.83 0.53431 0.38281 -7.4864E-5 90.04
186.78 0.53425 0.46875 -0.000525 90.329
189.81 0.53425 0.42188 -0.00071907 90.446
192.81 0.53425 0.50782 -0.001112 90.704
195.65 0.53412 0.57032 -0.0014396 90.915
198.5 0.534 0.51563 -0.0016265 91.032
201.4 0.534 0.52344 -0.0017953 91.133
204.29 0.53394 0.51563 -0.0019951 91.266
207.16 0.534 0.50782 -0.0021262 91.344
210.07 0.534 0.63282 -0.0024524 91.555
213.15 0.53406 0.57813 -0.0024767 91.563
215.97 0.53406 0.5625 -0.0026045 91.641
218.92 0.53406 0.60938 -0.0027065 91.711
222.71 0.53394 0.66407 -0.0028505 91.797
225.5 0.53388 0.625 -0.0028119 91.774
228.4 0.534 0.57813 -0.0026818 91.688
231.28 0.534 0.58594 -0.0026965 91.704
234.32 0.53406 0.72657 -0.0028939 91.829
237.21 0.534 0.63282 -0.0026512 91.672
240.1 0.53412 0.77344 -0.0028439 91.797
242.99 0.53412 0.72657 -0.0026407 91.665
245.96 0.53412 0.64844 -0.0023856 91.508
248.9 0.53412 0.71875 -0.0022774 91.438
252.81 0.53418 0.60157 -0.001894 91.196
254.93 0.53412 0.59375 -0.0017023 91.071
257.93 0.53412 0.58594 -0.0015063 90.954
260.89 0.53425 0.53907 -0.0012279 90.774
264.11 0.53425 0.53125 -0.00096703 90.602
267.35 0.53431 0.46094 -0.00058175 90.36
270.38 0.53425 0.59375 -0.00053502 90.329
273.51 0.53425 0.51563 -0.00020933 90.126
276.56 0.53425 0.46875 8.9646E-5 89.93
279.5 0.53431 0.38281 0.00051165 89.672
282.58 0.53437 0.36719 0.00065422 89.579
285.57 0.53443 0.39844 0.00084591 89.454
288.63 0.53431 0.39844 0.0009594 89.383
291.64 0.53431 0.38281 0.0010967 89.29
294.66 0.53437 0.28125 0.0014587 89.063
297.68 0.53437 0.19531 0.0017028 88.907
299.81 0.53443 0.22656 0.0018249 88.836
302.89 0.53437 0.36719 0.0016289 88.954
305.99 0.53443 0.35156 0.0017891 88.86
309.05 0.53449 0.17188 0.0020714 88.68
312.02 0.53461 0.17969 0.0021439 88.633
315.24 0.53064 0.062501 0.0023699 88.485
318.16 0.53461 0.10156 0.0023012 88.54
321.28 0.53467 0.10938 0.0022483 88.563
324.35 0.53461 0.125 0.0021448 88.633
327.3 0.53455 0.046875 0.0021916 88.602
330.43 0.53455 0.046875 0.0020809 88.672
333.4 0.53461 0.14063 0.0017996 88.852
336.34 0.53461 0.10156 0.0017476 88.883
339.51 0.53461 0.085938 0.0016098 88.977
342.45 0.53461 0.085938 0.0013723 89.126
345.36 0.53461 0.1875 0.0010662 89.313
348.56 0.53455 0.25 0.00071764 89.54
351.59 0.53461 0.32031 0.00037956 89.751
354.64 0.53461 0.32031 0.0001607 89.891
357.67 0.53455 0.34375 -0.00016403 90.094
360.33 0.53455 0.38281 -0.00037813 90.235
