Time X DEG X DEG
0 0.00018311 83.258 0.36121 1.9453
1.0089999 0.00025749 80.961 0.36115 1.9531
1.9999998 0.00029183 78.719 0.36157 1.9063
3.0000001 0.00040817 75.376 0.36127 1.9375
4.0000003 0.00032997 77.243 0.36157 1.9063
4.9999999 0.00025368 80.704 0.36176 1.8984
6.0000001 0.00034332 77.407 0.3617 1.9063
7.0000004 1.5259E-5 89.571 0.36225 1.8672
8 0.00023842 80.938 0.36194 1.8828
9.0000002 -0.00022888 97.985 0.36243 1.8672
9.9999998 -3.8147E-5 91.172 0.36237 1.8594
11 0.00010872 86.29 0.362 1.875
12 2.4796E-5 89.399 0.36212 1.875
13 -0.00033188 100.65 0.36255 1.8594
14 4.0055E-5 88.321 0.36219 1.8672
15 0.00013733 85.04 0.36194 1.8828
16 -5.3406E-5 92.032 0.36237 1.8672
17 -0.00014496 94.868 0.36255 1.8594
18 -0.0001812 95.907 0.36261 1.8516
19 -4.0055E-5 91.172 0.362 1.8828
20 -6.8665E-5 92.29 0.36225 1.8828
21 -4.1962E-5 91.305 0.36225 1.875
22 -0.00010491 93.29 0.36231 1.8672
23 2.6703E-5 88.993 0.36225 1.8828
24 -0.00014305 94.766 0.36225 1.8828
25 1.9074E-5 89.047 0.36194 1.8906
26 -8.3924E-5 92.751 0.36219 1.8828
27 -6.485E-5 92.438 0.36219 1.8828
28 -4.1962E-5 91.641 0.36219 1.8828
29 0 89.821 0.36225 1.8828
30 -6.6758E-5 92.235 0.36237 1.8594
31 -0.00021553 97.024 0.36243 1.8672
32 -0.00032425 100.09 0.36255 1.8594
33 -0.0001812 96.032 0.362 1.8828
34 -0.00038338 102.25 0.36298 1.8438
35 -0.00029183 99.501 0.36212 1.8906
36 -0.00013352 94.899 0.36212 1.8906
37 -0.00015068 95.001 0.36206 1.8906
38 -0.00035858 101.65 0.36261 1.8516
39 -5.3406E-5 91.774 0.36231 1.875
40 -0.00012016 94.126 0.36231 1.875
41 -0.00025559 98.126 0.36255 1.8594
42 -0.00022888 97.844 0.36249 1.8594
43 -0.00017357 95.68 0.36231 1.875
44 -0.00037003 102.29 0.36279 1.8438
45 -0.00016213 95.461 0.36249 1.8594
46 -0.00017166 95.477 0.36243 1.8672
47 -0.00019836 96.891 0.36267 1.8594
48 -0.00019264 96.235 0.36298 1.8438
49 -0.00026894 99.008 0.36279 1.8438
50 -0.00030327 100.09 0.36316 1.8125
51 -0.00022507 97.766 0.36273 1.8516
52 -0.00015831 95.54 0.36273 1.8516
53 -0.00025749 98.438 0.36255 1.875
54 -7.4387E-5 92.696 0.36212 1.8906
55 -0.00034332 100.87 0.3631 1.8359
56 -0.00040627 102.87 0.36328 1.8203
57 -0.00019264 97.024 0.36334 1.8281
58 -0.00015259 95.219 0.36298 1.8516
59 -0.00029183 99.657 0.36316 1.8359
60 -0.0001297 94.141 0.36298 1.8438
61 -0.00015831 95.438 0.36292 1.8516
62 -0.00025749 98.805 0.3631 1.8359
63 -0.00025559 98.649 0.36267 1.8594
64 -0.00031471 100.27 0.36286 1.8516
65 -0.00016976 95.985 0.36255 1.8672
66 -0.00024605 98.657 0.36328 1.8359
67 -0.00025177 98.055 0.36328 1.8359
68 -0.00012016 94.29 0.36298 1.8594
69 -0.00034523 101.06 0.36279 1.8516
70 -0.00018692 96.696 0.3631 1.8438
71 -0.00033951 101.09 0.36322 1.8359
72 -0.00017929 96.274 0.3631 1.8516
73 -0.00023461 97.594 0.36347 1.8281
74 -0.00025749 98.626 0.36304 1.8438
75 -0.0001545 95.196 0.36334 1.8359
76 -6.1036E-5 92.04 0.3631 1.8359
77 -0.00021553 97.727 0.36347 1.8203
78 -0.00014496 95.032 0.36322 1.8359
79 8.9646E-5 86.774 0.36243 1.8828
80 5.3406E-5 88.055 0.36273 1.8594
81 0.00020981 81.915 0.36292 1.8516
82 -0.0001545 95.336 0.36347 1.8359
83 0.00018883 82.68 0.36279 1.8594
84 5.1499E-5 88.172 0.36347 1.8359
85 0.00014877 84.282 0.36347 1.8281
86 5.5313E-5 87.758 0.3634 1.8359
87 0.00015831 83.782 0.3634 1.8359
88 0.00012589 85.141 0.36383 1.8047
89 0.00024033 80.704 0.36328 1.8359
90 0.00024796 80.29 0.3631 1.8594
91 0.00030899 78.399 0.3634 1.8359
92 0.00024223 80.438 0.3634 1.8359
93 0.00037766 75.711 0.36365 1.8125
94 0.00030518 78.204 0.36353 1.8203
95 0.00046349 71.579 0.36334 1.8438
96 0.00037575 75.282 0.36353 1.8359
97 0.00033951 76.899 0.3634 1.8359
98 0.00036812 75.727 0.36316 1.8516
99 0.00061226 64.915 0.36298 1.8672
100 0.00031662 77.649 0.36359 1.8281
101 0.00058175 65.907 0.36334 1.8516
102 0.00054932 68.321 0.36347 1.8359
103 0.00037194 75.469 0.3634 1.8359
104 0.00060463 64.602 0.3631 1.8594
105 0.00043106 72.868 0.3634 1.8438
106 0.00031662 77.313 0.36365 1.8281
107 0.00058365 66.766 0.36365 1.8125
108 0.00055313 68.032 0.36353 1.8359
109 0.00049591 69.626 0.36371 1.8359
110 0.00048828 70.891 0.36353 1.8359
111 0.00049782 70.032 0.36347 1.8438
112 0.00066948 63.883 0.3634 1.8438
113 0.00053025 68.891 0.36377 1.8125
114 0.00058175 66.399 0.36347 1.8359
115 0.00050164 69.579 0.36377 1.8359
116 0.00050545 70.047 0.3634 1.8359
117 0.00079155 57.68 0.3631 1.8594
118 0.00060654 66.461 0.36402 1.8047
119 0.00054932 67.594 0.36389 1.8047
120 0.00061989 64.547 0.36365 1.8438
121 0.00061226 65.157 0.36353 1.8438
122 0.00063706 64.329 0.36383 1.8203
123 0.00059891 65.204 0.36334 1.8516
124 0.00069237 61.305 0.36347 1.8438
125 0.00074196 59.508 0.36328 1.875
126 0.00065995 63.453 0.36377 1.8281
127 0.00069619 61.688 0.3634 1.8438
128 0.00062943 64.461 0.36365 1.8203
129 0.00069619 61.266 0.36371 1.8359
130 0.00073815 59.422 0.36347 1.8359
131 0.00082207 56.516 0.36359 1.8359
132 0.00078774 57.172 0.36408 1.8047
133 0.00074768 59.313 0.36365 1.8281
134 0.00075341 58.524 0.36365 1.8438
135 0.00071335 61.313 0.36402 1.8203
136 0.00066567 62.391 0.36365 1.8359
137 0.000597 65.602 0.36377 1.8359
138 0.0008049 56.617 0.36347 1.8438
139 0.00068283 61.836 0.3642 1.8047
140 0.00073815 59.633 0.36389 1.8047
141 0.00084305 56.735 0.36359 1.8359
142 0.00069809 62.086 0.36414 1.8125
143 0.00079155 57.016 0.36347 1.8359
144 0.0009327 52.18 0.36353 1.8438
145 0.00080681 57.649 0.36377 1.8359
146 0.00089264 54.68 0.36389 1.8281
147 0.00089646 54.774 0.36414 1.8047
148 0.0010967 48.797 0.36389 1.8125
149 0.0010166 51.071 0.36395 1.8203
150 0.0010815 48.492 0.3642 1.8047
151 0.0011196 46.899 0.36383 1.8125
152 0.0010567 48.821 0.36402 1.8047
153 0.0010166 50.219 0.36383 1.8281
154 0.0010681 48.164 0.36377 1.8203
155 0.00094986 52.047 0.36432 1.7891
156 0.00096131 52.071 0.36414 1.8047
157 0.00098039 50.696 0.36389 1.8047
158 0.001112 45.508 0.36414 1.8047
159 0.0011063 47.672 0.3642 1.8047
160 0.0011292 45.782 0.36395 1.8047
161 0.0010681 48.102 0.36395 1.8047
162 0.0012207 43.469 0.36389 1.8125
163 0.0012608 42.086 0.36389 1.8125
164 0.0012131 44.321 0.36408 1.8047
165 0.0012875 42.563 0.36365 1.8359
166 0.0011654 45.883 0.36426 1.7969
167 0.0012703 42.649 0.36389 1.8203
168 0.0013866 39.469 0.36383 1.8125
169 0.0012341 42.039 0.36457 1.7813
170 0.0012798 40.969 0.36402 1.8047
171 0.001154 45.203 0.36426 1.7891
172 0.0012665 42.313 0.36432 1.7969
173 0.0012417 43.289 0.36371 1.8438
174 0.0011444 46.016 0.36383 1.8359
175 0.0012798 41.321 0.36389 1.8203
176 0.0013733 39.157 0.36377 1.8125
177 0.0013523 39.352 0.36383 1.8047
178 0.0013256 40.774 0.36438 1.7891
179 0.0013218 40.063 0.36383 1.8125
180 0.0013752 39.571 0.36365 1.8438
181 0.0013695 39.352 0.36383 1.8125
182 0.0014191 37.641 0.36365 1.8281
183 0.0013619 39.399 0.36377 1.8281
184 0.0013275 40.711 0.36432 1.7969
185 0.0013352 41.227 0.36371 1.8359
186 0.001379 37.953 0.36389 1.8047
187 0.0012264 43.196 0.36432 1.7891
188 0.0012398 43.258 0.36438 1.7891
189 0.0015183 34.805 0.36353 1.8359
190 0.0014191 36.446 0.36408 1.7969
191 0.0014782 36.789 0.36383 1.8203
192 0.0014915 35.805 0.36395 1.8125
193 0.0015259 35.789 0.36365 1.8438
194 0.0015717 34.602 0.36377 1.8281
195 0.0015507 34.852 0.36408 1.8047
196 0.0015011 35.196 0.36383 1.8125
197 0.0015526 34.641 0.36395 1.8125
198 0.001585 34.539 0.36389 1.8203
199 0.0014629 37.547 0.36432 1.8047
200 0.0016441 31.617 0.36395 1.8047
201 0.001482 36.071 0.3645 1.7813
202 0.0015717 33.266 0.36389 1.8047
203 0.0015583 34.039 0.36402 1.8047
204 0.0014744 36.68 0.3642 1.7969
205 0.0015087 35.641 0.36395 1.8203
206 0.0015564 33.922 0.36402 1.8047
207 0.0015926 33.727 0.36371 1.8359
208 0.001545 34.008 0.36414 1.8047
209 0.001524 35.399 0.36457 1.7813
210 0.001648 31.961 0.36371 1.8203
211 0.001564 34.133 0.36365 1.8359
212 0.0015965 34.016 0.36426 1.7891
213 0.0015164 34.735 0.36408 1.8047
214 0.0015736 34.75 0.3645 1.7813
215 0.0015392 32.946 0.3642 1.7813
216 0.0015888 33.016 0.36383 1.8047
217 0.0016117 32.258 0.36389 1.8047
218 0.0015812 33.18 0.36402 1.8047
219 0.0017052 30.852 0.36383 1.8047
220 0.0016022 31.235 0.36347 1.8203
221 0.001688 30.352 0.36377 1.8203
222 0.0016613 32.25 0.36408 1.8047
223 0.0017471 29.578 0.36316 1.8516
224 0.0016365 31.602 0.36389 1.8047
225 0.0016766 29.742 0.36402 1.8047
226 0.0016975 30.852 0.36365 1.8281
227 0.0017414 28.516 0.36347 1.8281
228 0.0016575 31.367 0.3642 1.7813
229 0.0017338 29.844 0.36383 1.8047
230 0.0017319 30.57 0.36402 1.8047
231 0.0016575 30.883 0.36377 1.8047
232 0.0016289 31.438 0.3642 1.7891
233 0.0016098 30.906 0.36371 1.8047
234 0.00173 29.219 0.3642 1.7656
235 0.0016136 30.539 0.36371 1.8047
236 0.0016727 29.68 0.3642 1.7656
237 0.0017128 28.235 0.3634 1.8359
238 0.0017738 29.297 0.36383 1.7969
239 0.0017414 29.445 0.36408 1.7813
240 0.0016575 28.086 0.36334 1.8203
241 0.0017338 29.649 0.36408 1.7813
242 0.001751 28.695 0.36383 1.8047
243 0.0017471 28.469 0.36353 1.8125
244 0.0017109 28.789 0.36377 1.8047
245 0.0016975 29.149 0.36365 1.8125
246 0.0017376 29.344 0.36395 1.7969
247 0.0017681 27.352 0.3634 1.8203
248 0.0017223 28.875 0.36414 1.7656
249 0.001854 25.797 0.3631 1.8359
250 0.0018559 26.336 0.36328 1.8281
251 0.0020085 23.555 0.3634 1.8047
252 0.0018997 25.891 0.36371 1.7891
253 0.0019646 25 0.36353 1.8047
254 0.0018806 25.602 0.36298 1.8438
255 0.0018959 25.055 0.36371 1.7969
256 0.0019646 26.055 0.36334 1.8359
257 0.0019131 25 0.36328 1.8125
258 0.0018616 26.703 0.36377 1.7891
259 0.0019379 24.883 0.36353 1.8047
260 0.001833 25.399 0.36273 1.8438
261 0.0019627 24.789 0.3634 1.8281
262 0.0019112 24.281 0.36286 1.8438
263 0.0018806 25 0.36334 1.8047
264 0.0018559 25.336 0.36365 1.7891
265 0.0019779 24.539 0.36371 1.7891
266 0.00206 23.672 0.36359 1.8047
267 0.0020332 23.758 0.36365 1.7969
268 0.0019856 23.563 0.36292 1.8359
269 0.0019932 23.813 0.36334 1.8125
270 0.002079 23.602 0.36347 1.8203
271 0.0019684 23.703 0.36249 1.8672
272 0.0020008 24.781 0.36383 1.7813
273 0.0020504 22.813 0.36334 1.8047
274 0.0020161 23.945 0.36371 1.7891
275 0.0020828 22.438 0.36365 1.7813
276 0.0020962 22.094 0.36261 1.8594
277 0.0020714 21.867 0.36279 1.8359
278 0.0019951 23.547 0.36353 1.7891
279 0.0021229 22.625 0.36365 1.7813
280 0.0021343 21.539 0.36334 1.8047
281 0.0020066 22.906 0.36328 1.8125
282 0.002079 21.969 0.3631 1.8281
283 0.0021706 21.43 0.3634 1.7969
284 0.0019646 21.578 0.36231 1.8594
285 0.0020046 22.555 0.36316 1.8125
286 0.0021134 22.024 0.3631 1.8281
287 0.0021401 21.781 0.36322 1.8203
288 0.0021191 22.422 0.36383 1.7734
289 0.0020332 21.836 0.36255 1.8516
290 0.0023041 19.813 0.36322 1.8203
291 0.0022431 20.422 0.36353 1.7969
292 0.0021858 20.891 0.36273 1.8438
293 0.0022431 19.727 0.36298 1.8203
294 0.002224 19.414 0.36279 1.8359
295 0.0021744 20.867 0.36267 1.8594
296 0.0022946 19.805 0.36316 1.8203
297 0.0022145 20.281 0.36279 1.8359
298 0.0022068 20.602 0.36316 1.8047
299 0.0022087 20.656 0.36261 1.8594
300 0.0022373 20.875 0.36365 1.7891
301 0.0022812 19.875 0.3631 1.8047
302 0.0022679 19.68 0.36334 1.7969
303 0.0022526 19.391 0.36334 1.7891
304 0.0022717 18.445 0.36273 1.8203
305 0.0023403 19.367 0.36304 1.8125
306 0.0022183 19.469 0.36212 1.8828
307 0.002245 18.445 0.36261 1.8281
308 0.0022698 18.805 0.36334 1.8047
309 0.002306 19.258 0.36347 1.7891
310 0.0023213 18.258 0.36261 1.8359
311 0.0023442 19.031 0.36292 1.8203
312 0.0023251 19.188 0.36267 1.8516
313 0.0023232 18.156 0.36261 1.8516
314 0.002285 19.078 0.36255 1.8594
315 0.0023499 18.383 0.36292 1.8281
316 0.0022698 18.875 0.3631 1.8047
317 0.0019894 21.82 0.36225 1.8906
318 0.0022869 18.703 0.36292 1.8281
319 0.0022698 19.828 0.36304 1.8281
320 0.0023594 19.36 0.36298 1.8359
321 0.0023499 18.969 0.36279 1.8516
322 0.0023689 18.391 0.36322 1.8125
323 0.002388 18.485 0.36279 1.8516
324 0.0024815 17.617 0.36292 1.8359
325 0.002367 18.172 0.36292 1.8359
326 0.0024071 18.086 0.3631 1.8203
327 0.002348 17.68 0.36267 1.8359
328 0.0024109 17.711 0.36298 1.8281
329 0.0023575 18.117 0.36243 1.875
330 0.0024719 17.781 0.36292 1.8359
331 0.0022888 18.992 0.36255 1.8594
332 0.0023842 18.242 0.36316 1.8125
333 0.0023766 17.672 0.36273 1.8438
334 0.0024224 17.867 0.36255 1.8594
335 0.0023308 18.297 0.36298 1.8281
336 0.0024109 17.813 0.36273 1.8359
337 0.0023461 18.555 0.36237 1.8672
338 0.0023651 18.008 0.36225 1.8828
339 0.0023918 17.539 0.36267 1.8516
340 0.00247 17.5 0.3631 1.8359
341 0.0024471 17.453 0.36249 1.8594
342 0.0022736 18.094 0.36225 1.8672
343 0.0024052 17.844 0.36237 1.8672
344 0.0023823 17.524 0.36279 1.8359
345 0.00243 17.758 0.36316 1.8125
346 0.002451 16.969 0.36255 1.8516
347 0.0024681 16.695 0.36255 1.8594
348 0.0024243 16.649 0.36243 1.8438
349 0.0024338 17.195 0.36237 1.8672
350 0.0023422 17.789 0.36286 1.8359
351 0.0024548 17.125 0.36316 1.8047
352 0.0023098 17.477 0.36243 1.8594
353 0.0023804 17.367 0.36243 1.8594
354 0.0023098 17.297 0.36292 1.8203
355 0.0023518 17.711 0.36249 1.8594
356 0.002367 16.828 0.36194 1.8828
357 0.0023956 17.688 0.36194 1.8828
358 0.0024033 16.313 0.36261 1.8359
359 0.0023499 18.07 0.362 1.8984
360 0.0024605 16.367 0.36286 1.8203
361 0.0024052 16.625 0.362 1.8828
362 0.0022316 17.414 0.36163 1.9063
363 0.0023194 16.516 0.36225 1.8594
364 0.0024204 17.289 0.36231 1.8594
365 0.0025044 17.094 0.36298 1.8359
366 0.002348 16.805 0.36219 1.875
367 0.0024147 16.235 0.36206 1.8828
368 0.0023861 16.086 0.36255 1.8281
369 0.0025139 16.336 0.36255 1.8516
370 0.0022698 17.758 0.36219 1.875
371 0.0023632 17.164 0.36225 1.875
372 0.0023232 17.172 0.36225 1.8672
373 0.0023766 16.953 0.36219 1.8828
374 0.0023384 17.805 0.3617 1.9141
375 0.0023422 17.711 0.36188 1.8906
376 0.0024643 16.766 0.36243 1.8594
377 0.0024243 16.352 0.36212 1.875
378 0.0023937 16.664 0.36206 1.8828
379 0.0023251 17.391 0.362 1.8984
380 0.0024586 16.727 0.36212 1.8828
381 0.0024414 16.695 0.36212 1.8828
382 0.0024281 15.75 0.36231 1.8594
383 0.0023804 17.594 0.36225 1.8828
384 0.0024471 16.297 0.36219 1.8828
385 0.0024147 16.5 0.36212 1.8828
386 0.0025501 15.945 0.36249 1.8516
387 0.0023708 16.758 0.36225 1.8672
388 0.0023918 16.828 0.36188 1.9063
389 0.0023155 17.758 0.36194 1.9063
390 0.002409 16.688 0.36237 1.875
391 0.002573 16 0.36255 1.8594
392 0.0024147 16.524 0.36249 1.8516
393 0.0025177 16.383 0.36286 1.8359
394 0.0025597 15.859 0.36225 1.8828
395 0.0024929 16.445 0.36243 1.875
396 0.002491 16.61 0.36255 1.8672
397 0.0023327 17.977 0.36219 1.9063
398 0.0024548 17.063 0.36237 1.875
399 0.0024414 16.594 0.36237 1.875
400 0.0024948 16.18 0.36231 1.875
401 0.0024204 16.656 0.362 1.9141
402 0.0024777 16.258 0.36225 1.8906
403 0.0025654 15.844 0.36231 1.8906
404 0.0021801 18.992 0.36188 1.9375
405 0.0024185 16.985 0.3617 1.9297
406 0.002409 16.75 0.36219 1.8828
407 0.0023613 17.75 0.36188 1.9375
408 0.0024643 16.61 0.36206 1.9063
409 0.0024433 17.313 0.36212 1.9063
410 0.0024624 16.781 0.36225 1.8828
411 0.0024758 16.86 0.36182 1.9063
412 0.0024662 16.445 0.36212 1.9063
413 0.0024967 16.414 0.36255 1.875
414 0.002533 16.039 0.36243 1.8594
415 0.0024376 16.805 0.36225 1.8828
416 0.0024891 16.008 0.36219 1.9063
417 0.0023537 17.008 0.36182 1.9219
418 0.0022869 17.727 0.36206 1.9063
419 0.0024433 16.524 0.36231 1.875
420 0.002388 17.016 0.36176 1.9375
421 0.0025387 15.516 0.36243 1.875
422 0.002285 18.469 0.36145 1.9609
423 0.0023766 17.852 0.36145 1.9609
424 0.0025253 16.008 0.36194 1.9219
425 0.0024948 16.024 0.36219 1.8828
426 0.0024548 16.258 0.36212 1.9063
427 0.0024605 16.938 0.36176 1.9375
428 0.0024471 16.61 0.36237 1.8828
429 0.0025349 15.953 0.362 1.9063
430 0.0025597 16.094 0.36243 1.8828
431 0.0026608 15.422 0.36279 1.8516
432 0.002449 17.141 0.36182 1.9453
433 0.0025005 16.672 0.362 1.9141
434 0.0022087 18.594 0.3617 1.9375
435 0.0024376 17.328 0.36176 1.9375
436 0.0027142 15.094 0.36255 1.8828
437 0.0026932 14.953 0.362 1.9297
438 0.0026054 16.281 0.36188 1.9297
439 0.0027371 14.813 0.36219 1.9063
440 0.0026665 14.758 0.36255 1.8672
441 0.0027008 15.188 0.36231 1.8906
442 0.0027313 14.953 0.36212 1.9063
443 0.00247 17.555 0.36157 1.9766
444 0.0025787 16.149 0.36212 1.9141
445 0.002758 15.039 0.36243 1.8828
446 0.002676 15.492 0.36194 1.9297
447 0.0024777 17.086 0.3617 1.9609
448 0.0026093 16.367 0.36188 1.9375
449 0.0024815 17.172 0.36163 1.9609
450 0.002554 16.727 0.36157 1.9609
451 0.0026036 16.406 0.36163 1.9609
452 0.0026169 16.235 0.362 1.9375
453 0.0027313 15.094 0.36255 1.8984
454 0.0025997 16.367 0.36188 1.9453
455 0.0025692 16.602 0.36212 1.9297
456 0.0025005 16.641 0.36219 1.9375
457 0.0024929 17.977 0.36206 1.9453
458 0.0025749 16.703 0.36231 1.9141
459 0.0026474 16.211 0.36255 1.8984
460 0.0025597 16.617 0.36219 1.9297
461 0.0026589 16.063 0.36206 1.9297
462 0.0025425 17.141 0.36188 1.9609
463 0.0025692 16.57 0.362 1.9453
464 0.0027962 15.391 0.36231 1.9141
465 0.0026207 16.039 0.36225 1.9219
466 0.002573 16.727 0.36182 1.9453
467 0.0025101 16.985 0.36225 1.9297
468 0.0023747 18.516 0.36182 1.9609
469 0.0023365 18.383 0.36188 1.9609
470 0.002512 17.453 0.36194 1.9531
471 0.0025673 16.742 0.36225 1.9375
472 0.0026303 16.719 0.36194 1.9609
473 0.0026913 15.742 0.36243 1.9063
474 0.002594 16.672 0.36231 1.9219
475 0.002739 15.586 0.36243 1.9219
476 0.0027504 15.664 0.36267 1.8984
477 0.0027619 16.094 0.36237 1.9219
478 0.0026875 16.438 0.36231 1.9375
479 0.0027294 16.211 0.36225 1.9375
480 0.0026913 15.781 0.36225 1.9297
481 0.002676 16.219 0.36194 1.9531
482 0.0027065 16.156 0.36212 1.9453
483 0.0026474 16.531 0.36188 1.9609
484 0.0025311 17.352 0.362 1.9609
485 0.0028 15.656 0.36219 1.9375
486 0.0024281 18.289 0.36206 1.9609
487 0.0025158 18.258 0.36176 1.9844
488 0.0027333 15.406 0.36219 1.9375
489 0.0027199 16.328 0.36249 1.9063
490 0.00276 15.789 0.36243 1.9219
491 0.0027619 16.195 0.36219 1.9609
492 0.0027542 16.078 0.36243 1.9375
493 0.0026818 16.656 0.36206 1.9453
494 0.0028134 16.219 0.36255 1.9297
495 0.002924 15.25 0.36279 1.8984
496 0.0028248 15.563 0.36261 1.9141
497 0.0025692 17.852 0.362 1.9688
498 0.0022984 21.406 0.3617 2
499 0.0028496 15.781 0.36212 1.9609
500 0.0029354 14.719 0.36237 1.9297
501 0.0029164 15.422 0.36237 1.9531
502 0.0028744 15.383 0.36249 1.9219
503 0.0029125 15.383 0.36249 1.9375
504 0.002863 15.695 0.36206 1.9609
505 0.0027542 15.836 0.36194 1.9609
506 0.0027752 16.227 0.36231 1.9531
507 0.0028591 15.649 0.36237 1.9375
508 0.0027866 16.438 0.36231 1.9609
509 0.002924 15.133 0.36261 1.9219
510 0.0026493 17.008 0.36231 1.9531
511 0.0025273 19.024 0.3617 2.0156
512 0.0027695 16.367 0.36231 1.9531
513 0.0027638 16.141 0.36243 1.9375
514 0.0027638 16.047 0.36243 1.9375
515 0.002903 15.094 0.36261 1.9219
516 0.0029221 15.164 0.36243 1.9375
517 0.002903 15.406 0.36243 1.9375
518 0.0026989 16.906 0.36255 1.9453
519 0.0027485 16.344 0.36237 1.9531
520 0.002758 16.43 0.36255 1.9375
521 0.0028763 15.742 0.36243 1.9531
522 0.0026894 17.289 0.36273 1.9375
523 0.0029469 15.547 0.36316 1.8828
524 0.0028439 15.977 0.36237 1.9375
525 0.0028286 15.945 0.36304 1.8828
526 0.0029469 15.586 0.36328 1.875
527 0.0028801 16.031 0.36279 1.9297
528 0.0027981 16.774 0.36261 1.9375
529 0.0027466 16.695 0.36237 1.9531
530 0.0027142 17.133 0.36231 1.9609
531 0.0028057 16.75 0.36243 1.9531
532 0.0027981 16.82 0.36273 1.9375
533 0.0027847 16.352 0.36243 1.9609
534 0.0028935 15.922 0.36273 1.9375
535 0.0027199 17.422 0.36225 1.9766
536 0.0025711 18.617 0.36231 1.9922
537 0.0028038 16.531 0.36279 1.9297
538 0.0028153 16.906 0.36231 1.9688
539 0.0027847 17.039 0.36273 1.9453
540 0.0027828 16.68 0.36249 1.9609
541 0.002903 15.875 0.36279 1.9453
542 0.002882 16.102 0.36261 1.9609
543 0.0028153 16.289 0.36286 1.9375
544 0.0028477 16.375 0.36328 1.9063
545 0.0027447 16.969 0.36273 1.9453
546 0.0029011 16.211 0.36298 1.9375
547 0.0027847 17.133 0.36298 1.9375
548 0.0027676 17.328 0.3631 1.9297
549 0.0028381 16.695 0.36286 1.9453
550 0.0028649 16.852 0.36316 1.9219
551 0.0028343 16.75 0.36304 1.9375
552 0.0028095 17.258 0.36316 1.9297
553 0.002945 16 0.36273 1.9453
554 0.0028381 17.039 0.36273 1.9609
555 0.0029411 16.43 0.36328 1.9063
556 0.0030289 16.219 0.36377 1.8828
557 0.002863 17.242 0.36267 1.9766
558 0.0029278 16.922 0.36298 1.9453
559 0.0029526 16.727 0.36328 1.9141
560 0.002964 16.391 0.36255 1.9922
561 0.0031204 15.281 0.36292 1.9453
562 0.0031319 15.07 0.3631 1.9219
563 0.0031147 15.43 0.36322 1.9219
564 0.0030041 16.024 0.36334 1.9063
565 0.0030308 16.008 0.36322 1.9219
566 0.003027 16.414 0.36377 1.8828
567 0.0030365 16.203 0.3631 1.9297
568 0.0028935 17.235 0.36292 1.9453
569 0.0029774 16.485 0.36328 1.9297
570 0.0030022 16.336 0.36353 1.8984
571 0.0030346 16.281 0.36347 1.9063
572 0.0029392 16.578 0.36322 1.9375
573 0.0028515 17.125 0.36322 1.9219
574 0.0028076 18.047 0.36371 1.8984
575 0.0029144 16.906 0.36365 1.9063
576 0.0028496 17.61 0.36353 1.9141
577 0.0030079 16.649 0.36389 1.8984
578 0.0029984 16.82 0.36377 1.9063
579 0.0028706 17.555 0.36334 1.9297
580 0.0028115 18.055 0.36298 1.9766
581 0.0029164 17.594 0.3631 1.9609
582 0.0028916 17.235 0.3631 1.9688
583 0.0029297 17.367 0.36365 1.9141
584 0.0029469 17.188 0.36328 1.9609
585 0.0029507 16.805 0.36322 1.9375
586 0.0031509 15.641 0.36353 1.9297
587 0.0029373 17.516 0.3631 1.9688
588 0.0029945 16.797 0.36353 1.9297
589 0.0028267 18.039 0.36334 1.9375
590 0.0029698 16.805 0.36334 1.9375
591 0.0028496 18.016 0.36347 1.9375
592 0.0027104 19.344 0.36286 2
593 0.0027752 18.766 0.36408 1.8984
594 0.0029011 17.813 0.36353 1.9375
595 0.0029431 17.68 0.36334 1.9609
596 0.0030289 17.008 0.36328 1.9531
597 0.002882 18.016 0.36347 1.9453
598 0.0029354 17.531 0.3631 1.9609
599 0.0027256 18.422 0.3631 1.9688
600 0.0028553 18.258 0.36347 1.9453
601 0.0028649 18.063 0.36371 1.9219
602 0.0027485 19.149 0.3634 1.9531
603 0.0029183 17.43 0.36328 1.9609
604 0.0029965 17.516 0.36377 1.9297
605 0.0028649 18.133 0.36353 1.9375
606 0.0029488 17.891 0.36383 1.9141
607 0.0028763 18.438 0.36334 1.9609
608 0.0029488 17.891 0.36371 1.9375
609 0.0029431 18.141 0.36414 1.9063
610 0.0029335 17.742 0.36322 1.9844
611 0.0029698 17.789 0.36365 1.9375
612 0.002842 18.914 0.36377 1.9375
613 0.0029564 17.633 0.3634 1.9531
614 0.0029278 17.742 0.36353 1.9375
615 0.0029125 18.102 0.36365 1.9453
616 0.0028286 18.985 0.36347 1.9609
617 0.0030079 17.07 0.36347 1.9453
618 0.0028324 18.617 0.3634 1.9609
619 0.0028668 19.235 0.36438 1.8906
620 0.0028649 19.391 0.36408 1.9141
621 0.0026798 20.688 0.36365 1.9531
622 0.0027428 20.383 0.36469 1.8828
623 0.0029507 17.758 0.36395 1.9219
624 0.0027847 19.164 0.36365 1.9609
625 0.0029431 18.094 0.36377 1.9375
626 0.0028134 19.289 0.36365 1.9609
627 0.0028954 18.328 0.3634 1.9688
628 0.0028553 19.469 0.36408 1.9297
629 0.0029316 18.453 0.36383 1.9453
630 0.0027104 20.758 0.36353 1.9844
631 0.0025234 22.547 0.36383 1.9609
632 0.0028381 18.797 0.3642 1.9141
633 0.0029469 18.453 0.3634 1.9766
634 0.0029564 18.789 0.36389 1.9375
635 0.0028935 18.867 0.36383 1.9453
636 0.0029087 19.195 0.36395 1.9375
637 0.0028973 18.867 0.36383 1.9609
638 0.002842 19.469 0.36438 1.9063
639 0.0029221 18.328 0.36383 1.9453
640 0.0029698 18.406 0.36371 1.9609
641 0.0028381 19.547 0.36377 1.9453
642 0.0029164 18.406 0.36408 1.9297
643 0.0029354 18.11 0.36371 1.9609
644 0.0028153 19.297 0.36322 1.9922
645 0.002861 19.281 0.36371 1.9531
646 0.0028649 19.289 0.36402 1.9375
647 0.0029125 18.406 0.36365 1.9609
648 0.0028324 19.508 0.36408 1.9375
649 0.0029259 18.844 0.36371 1.9688
650 0.0027981 19.867 0.36426 1.9297
651 0.0028916 19.789 0.36469 1.8984
652 0.0029888 18.453 0.36365 1.9766
653 0.0028439 19.836 0.36414 1.9453
654 0.0028095 20.008 0.36414 1.9453
655 0.0029011 19.383 0.36438 1.9219
656 0.0028458 19.93 0.36408 1.9375
657 0.0026894 20.992 0.36432 1.9375
658 0.0028057 19.867 0.36383 1.9531
659 0.0028362 20.141 0.36377 1.9688
660 0.0028744 19.242 0.36371 1.9766
661 0.0027924 20.242 0.36395 1.9453
662 0.0028381 20.492 0.36457 1.9063
663 0.002903 19.695 0.36389 1.9609
664 0.0027657 21.063 0.36377 1.9922
665 0.0027828 20.969 0.36389 1.9766
666 0.002779 20.469 0.36389 1.9609
667 0.0027218 21.43 0.36389 1.9844
668 0.0028 20.789 0.36463 1.9063
669 0.0028591 20.078 0.36383 1.9766
670 0.002758 21.188 0.36414 1.9609
671 0.0027752 21.149 0.36414 1.9609
672 0.0027752 21.57 0.36469 1.9297
673 0.0027847 21.172 0.3642 1.9609
674 0.0027542 22.266 0.36475 1.9297
675 0.0027104 21.524 0.36414 1.9688
676 0.002554 24.11 0.36438 1.9609
677 0.0028477 20.86 0.36457 1.9375
678 0.0026264 23.344 0.36432 1.9609
679 0.0029392 20.195 0.3642 1.9609
680 0.0029526 20.172 0.36469 1.9141
681 0.003006 19.57 0.36463 1.9141
682 0.0028858 20.227 0.36414 1.9609
683 0.0026932 22.594 0.36414 1.9609
684 0.0029831 19.828 0.3645 1.9297
685 0.0029202 20.102 0.36414 1.9688
686 0.0029354 19.86 0.3645 1.9375
687 0.002863 21.07 0.36475 1.9219
688 0.0029564 19.891 0.36438 1.9375
689 0.0028992 20.422 0.36444 1.9453
690 0.0029125 20.344 0.3642 1.9609
691 0.0027866 22.328 0.36499 1.9063
692 0.0029488 20.266 0.36438 1.9531
693 0.0028 21.672 0.36444 1.9453
694 0.0029164 20.43 0.3642 1.9609
695 0.0029087 20.594 0.3642 1.9609
696 0.0028973 20.227 0.36389 2
697 0.0026398 23.766 0.36475 1.9375
698 0.0028248 21.586 0.36469 1.9375
699 0.0026856 23.953 0.36481 1.9453
700 0.0027447 22.406 0.36457 1.9453
701 0.0026531 23.914 0.36463 1.9531
702 0.0025997 23.758 0.36438 1.9688
703 0.0028172 21.469 0.36475 1.9297
704 0.0028782 21.485 0.36481 1.9375
705 0.0026398 23.477 0.3642 1.9844
706 0.0028095 22.039 0.36457 1.9453
707 0.0027657 22.336 0.36444 1.9688
708 0.0027866 23.25 0.36493 1.9453
709 0.0028992 21.57 0.36444 1.9844
710 0.0028324 22.078 0.36481 1.9375
711 0.0029202 21.188 0.36475 1.9453
712 0.0028553 21.688 0.3645 1.9688
713 0.0028534 21.922 0.36481 1.9531
714 0.0028591 22.141 0.36469 1.9531
715 0.0029564 20.891 0.36487 1.9375
716 0.0030194 20.289 0.3645 1.9609
717 0.0029717 20.024 0.36438 1.9844
718 0.0028343 22.5 0.36487 1.9531
719 0.0028381 22.438 0.36511 1.9297
720 0.0029583 21.547 0.36487 1.9375
721 0.0028649 22.242 0.36505 1.9375
722 0.0028916 22.461 0.3653 1.9063
723 0.0028992 22.485 0.36524 1.9219
724 0.0028935 22.289 0.3653 1.8984
725 0.0028534 22.516 0.3653 1.9141
726 0.0028057 23.289 0.3656 1.8828
727 0.0028877 22.43 0.36493 1.9375
728 0.0028362 23.063 0.36524 1.9141
729 0.0029411 22.422 0.36511 1.9375
730 0.0029392 21.563 0.36481 1.9453
731 0.0027771 23.516 0.36511 1.9453
732 0.002903 22.906 0.36475 1.9766
733 0.0026932 25.258 0.36542 1.9375
734 0.0026913 25.492 0.36579 1.8984
735 0.0026989 25.766 0.36615 1.875
736 0.0029144 22.32 0.36444 1.9922
737 0.0028076 23.82 0.36542 1.9375
738 0.0027924 24.43 0.36548 1.9141
739 0.002676 25.68 0.36542 1.9063
740 0.0028191 24.242 0.3656 1.8984
741 0.0028668 22.938 0.36554 1.9063
742 0.0027065 25.336 0.36566 1.9063
743 0.0028553 23.305 0.36518 1.9219
744 0.0027943 24.664 0.3653 1.9375
745 0.002758 24.25 0.36499 1.9609
746 0.0027371 24.766 0.36566 1.9063
747 0.0027523 24.672 0.3653 1.9297
748 0.0026875 25.649 0.3653 1.9375
749 0.0025501 27.336 0.36566 1.9063
750 0.0027085 25.406 0.36585 1.9063
751 0.0028076 24.266 0.36487 1.9688
752 0.0027886 24.75 0.36524 1.9453
753 0.0025215 28.461 0.36573 1.9297
754 0.002636 25.774 0.36493 1.9688
755 0.0027523 24.86 0.36505 1.9453
756 0.0024014 29.953 0.36591 1.8984
757 0.0025978 26.555 0.3653 1.9531
758 0.0024529 28.5 0.3653 1.9375
759 0.0025349 27.008 0.3645 2.0156
760 0.0023804 29.68 0.36481 2
761 0.0024281 28.945 0.36524 1.9609
762 0.0021801 33.336 0.3656 1.9375
763 0.0025082 28.086 0.36481 2
764 0.0025845 26.602 0.36493 1.9766
765 0.0025482 27.641 0.36579 1.8984
766 0.0025501 27.602 0.36505 1.9688
767 0.002491 28.625 0.36505 1.9844
768 0.0024662 28.211 0.36524 1.9609
769 0.0028057 24.094 0.36493 1.9609
770 0.0024853 27.61 0.36505 1.9688
771 0.0022564 31.375 0.36493 1.9922
772 0.0026493 26.547 0.36524 1.9609
773 0.0026493 26.11 0.36511 1.9609
774 0.0025578 27.141 0.36444 2.0234
775 0.0025215 27.414 0.36469 1.9844
776 0.0025215 27.664 0.36511 1.9688
777 0.0025253 27.86 0.36499 1.9844
778 0.0025521 27.047 0.36457 2.0156
779 0.0024319 28.899 0.36511 1.9766
780 0.0020981 34.266 0.36524 1.9766
781 0.001873 39.563 0.36359 2.125
782 0.0028897 24.25 0.36505 1.9688
783 0.0030327 26.305 0.36914 1.6953
784 0.0023537 37.172 0.37097 1.6563
785 0.0024185 36.633 0.37085 1.6406
786 0.0023823 37.164 0.37104 1.6406
787 0.0024929 35.86 0.37091 1.6328
788 0.0024548 36.539 0.37097 1.6328
789 0.0033474 23.32 0.36884 1.7031
790 0.0029316 23.945 0.36505 1.9688
791 0.0022812 33.461 0.36334 2.1719
792 0.0023918 30.242 0.36383 2.0938
793 0.0025273 28.852 0.36487 2.0156
794 0.0023651 30.82 0.36493 2.0078
795.07 0.0025883 27.149 0.36438 2.0469
