Time X DEG X DEG
0 0.00026703 -10.625 0.35755 2.1406
1.0100001 0.00023842 -7.3282 0.35767 2.125
1.9999998 0.0002594 12.172 0.35797 2.0625
3.0000001 0.00017738 17.32 0.35809 2.0547
4.0000003 0.00017166 30.531 0.35809 2.0391
4.9999999 0.00017929 19.516 0.35828 2.0391
6.0000001 0.00020409 21.797 0.35822 2.0391
7.0000004 0.00017738 21.977 0.35822 2.0391
8 0.00019074 26.555 0.35828 2.0156
9.0000002 0.00014687 31.055 0.35828 2.0156
9.9999998 0.00025177 5.8516 0.35797 2.0625
11 0.00029564 8.5313 0.35791 2.0547
12 0.00028038 7.461 0.35797 2.0469
13 0.00020409 12.57 0.35809 2.0313
14 0.00023651 9.3907 0.35803 2.0234
15 0.0001812 22.617 0.35816 2.0234
16 0.00027466 11.242 0.35803 2.0391
17 0.00032425 4.125 0.35791 2.0313
18 0.00020599 16.867 0.35816 2.0156
19 0.00021744 18.172 0.35809 2.0156
20 0.00030327 4.6328 0.35785 2.0391
21 0.00026512 11.914 0.35797 2.0313
22 0.00020409 25.258 0.35809 2.0156
23 0.00026131 12.906 0.35803 2.0234
24 0.00017738 32.399 0.35822 2.0078
25 0.00031281 4.7578 0.35785 2.0391
26 0.00031853 8.2969 0.35785 2.0313
27 0.00030709 15.063 0.35803 2.0156
28 0.00030327 10.219 0.35797 2.0313
29 0.00028229 10.719 0.35797 2.0313
30 0.00036621 1.3281 0.35785 2.0313
31 0.00034142 7.2266 0.35791 2.0156
32 0.00034714 4.375 0.35785 2.0234
33 0.0003109 13.961 0.35785 2.0234
34 0.00039101 0.24219 0.35773 2.0391
35 0.00035668 4.5157 0.35773 2.0234
36 0.00038719 -1.7109 0.35767 2.0313
37 0.0003357 6.5625 0.35773 2.0391
38 0.00032234 5.5547 0.35773 2.0313
39 0.00027085 9.461 0.35791 2
40 0.00016022 34.907 0.35809 1.9844
41 0.00032044 2.3828 0.35779 2.0234
42 0.00036812 3.3516 0.35767 2.0234
43 0.00032997 5.1172 0.35773 2.0156
44 0.00034142 4.5 0.35761 2.0156
45 0.00034142 0.82813 0.35767 2.0234
46 0.00037575 -1.5469 0.35761 2.0391
47 0.00031471 10.492 0.35779 2.0156
48 0.00036812 2.0469 0.35773 2.0156
49 0.0003376 5.0391 0.35773 2.0156
50 0.00035095 3.5391 0.35773 2
51 0.00029755 3.5547 0.35779 2.0156
52 0.00027657 -0.69532 0.35767 2.0234
53 0.00021744 1.7422 0.35773 2.0156
54 0.00024796 -4.1641 0.35749 2.0391
55 0.00020599 -8.5782 0.35767 2.0156
56 0.00021935 -3.4453 0.35755 2.0313
57 0.00017548 7.0547 0.35767 2
58 0.00023651 1.6016 0.35761 2.0156
59 0.00020027 0 0.35755 2.0234
60 0.00018692 0.50782 0.35755 2.0156
61 0.00013924 11.57 0.35767 2.0156
62 0.00011063 13.422 0.35773 2
63 8.5831E-5 32.899 0.35785 1.9922
64 0.00012016 -0.78907 0.35761 2.0156
65 0.00015831 -11.891 0.35749 2.0234
66 8.2017E-5 -14.578 0.35761 2.0078
67 4.9591E-5 -3.9453 0.35767 2.0156
68 1.3352E-5 44.992 0.35773 1.9844
69 2.4796E-5 -14.938 0.35761 2.0078
70 -3.624E-5 130.02 0.35785 1.9844
71 1.1444E-5 66.79 0.35767 2.0156
72 -4.0055E-5 136.27 0.35767 1.9922
73 -9.5368E-5 156.31 0.35785 1.9844
74 -2.861E-5 -144.16 0.35761 1.9922
75 -4.9591E-5 -147.27 0.35749 2.0313
76 -5.7221E-5 172.09 0.35755 2.0078
77 -0.00016022 171.2 0.35773 1.9922
78 -0.00016022 178.84 0.35773 1.9844
79 -0.00025368 166.94 0.35791 1.9766
80 -0.00013352 -172.07 0.35755 2.0156
81 -0.00018501 -169.09 0.35755 2.0234
82 -0.00029564 173.34 0.35779 1.9844
83 -0.00035286 174.06 0.35791 1.9844
84 -0.00030518 175.93 0.35773 2
85 -0.00039292 172.17 0.35785 1.9844
86 -0.00042343 175.04 0.35785 1.9844
87 -0.00041962 177.93 0.35773 1.9922
88 -0.00045967 176.29 0.35785 1.9844
89 -0.00049019 175.71 0.35773 2
90 -0.00053597 172.78 0.35791 1.9688
91 -0.00057412 176.16 0.35785 1.9844
92 -0.00055695 178.62 0.35773 1.9844
93 -0.0006218 -179.84 0.35767 1.9922
94 -0.0006218 178.31 0.35773 1.9844
95 -0.00061035 -179.84 0.35755 2.0078
96 -0.00058747 -173.53 0.35742 2.0234
97 -0.00072861 178.28 0.35785 1.9844
98 -0.00081063 175.99 0.35791 1.9609
99 -0.00085831 176.41 0.35791 1.9844
100 -0.00083352 177.7 0.35785 1.9844
101 -0.0010147 172.58 0.35822 1.9375
102 -0.00091935 177.81 0.35791 1.9844
103 -0.001173 173.93 0.35828 1.9531
104 -0.00092507 178.65 0.35779 1.9844
105 -0.00092316 -178.34 0.35761 2
106 -0.00091935 -177.5 0.35749 2.0078
107 -0.0010338 -178.7 0.35773 2
108 -0.001091 177.71 0.35773 2.0156
109 -0.0010376 -179.36 0.35767 2.0156
110 -0.0012455 178.76 0.35785 2.0156
111 -0.0011768 179.34 0.35785 1.9844
112 -0.0012798 176.09 0.35797 1.9766
113 -0.0010796 -177.7 0.35749 2.0156
114 -0.0012436 177.46 0.35791 1.9844
115 -0.0013313 176.97 0.35791 1.9844
116 -0.0012951 -179.93 0.35779 1.9922
117 -0.0012741 -179.63 0.35773 2
118 -0.0013638 179.08 0.35785 1.9922
119 -0.0013847 177.16 0.35785 1.9844
120 -0.0013962 178.7 0.35791 1.9766
121 -0.0013676 179.02 0.35779 1.9922
122 -0.0013714 179.02 0.35773 2.0078
123 -0.0014973 177.69 0.35797 1.9844
124 -0.0016823 175.23 0.35822 1.9688
125 -0.0015755 177.13 0.35797 1.9766
126 -0.0018711 174.56 0.35828 1.9766
127 -0.0019016 173.26 0.3584 1.9453
128 -0.0015907 176.69 0.35791 1.9844
129 -0.001667 176.95 0.35791 1.9844
130 -0.0016136 178.63 0.35773 2.0078
131 -0.0016918 176.89 0.35791 1.9922
132 -0.0019665 174.27 0.35834 1.9531
133 -0.0018368 175.65 0.35809 1.9609
134 -0.0016098 -178.59 0.35761 2.0313
135 -0.001852 177.11 0.35797 1.9922
136 -0.0020905 174.66 0.35834 1.9609
137 -0.0020619 174.14 0.35834 1.9609
138 -0.0019837 176.18 0.35809 1.9844
139 -0.0023041 173.51 0.35864 1.9375
140 -0.0021801 175.92 0.35834 1.9688
141 -0.0022564 174.25 0.35846 1.9375
142 -0.0022431 174.34 0.3584 1.9688
143 -0.0022984 172.65 0.35852 1.9375
144 -0.0025063 172.77 0.35871 1.9375
145 -0.0020046 176.98 0.35803 1.9844
146 -0.0020733 177.15 0.35797 2.0078
147 -0.0024147 173.74 0.35846 1.9453
148 -0.0024185 174.56 0.35834 1.9688
149 -0.002409 174.8 0.35828 1.9766
150 -0.0024643 174.7 0.3584 1.9688
151 -0.0028496 172.63 0.35883 1.9375
152 -0.0028401 172.81 0.35864 1.9453
153 -0.0023098 176.92 0.35803 1.9844
154 -0.0025787 173.87 0.35834 1.9609
155 -0.0025521 174.48 0.35834 1.9844
156 -0.0029259 172.62 0.35877 1.9375
157 -0.0028267 173.2 0.35871 1.9375
158 -0.0027218 173.15 0.35852 1.9531
159 -0.0030155 172.99 0.35883 1.9375
160 -0.0035 170.37 0.35913 1.9297
161 -0.00354 170.56 0.35932 1.9063
162 -0.0034867 170.5 0.35913 1.9141
163 -0.0034542 170.22 0.35901 1.9375
164 -0.0035038 170.84 0.35907 1.9297
165 -0.0032597 171.54 0.35877 1.9531
166 -0.003727 170.03 0.35919 1.9297
167 -0.0036583 170.34 0.35913 1.9141
168 -0.0035172 171.19 0.35907 1.9141
169 -0.0036183 170.28 0.35907 1.9219
170 -0.0028248 174.23 0.35822 2.0078
171 -0.0039845 169.81 0.35901 1.9609
172 -0.0035896 170.76 0.35907 1.9219
173 -0.0035572 171.97 0.35889 1.9375
174 -0.0034542 170.79 0.35895 1.9375
175 -0.0045491 168.3 0.35968 1.8984
176 -0.0036697 170.27 0.35889 1.9375
177 -0.0040951 169.3 0.35919 1.9219
178 -0.0040684 169.42 0.35895 1.9453
179 -0.0043335 169.2 0.35932 1.9219
180 -0.0043469 169.1 0.35938 1.9141
181 -0.0049763 167.02 0.3598 1.8828
182 -0.0043869 168.85 0.35926 1.9219
183 -0.0047169 168.02 0.35962 1.9063
184 -0.0054074 166.68 0.36017 1.8672
185 -0.0048733 167.71 0.35968 1.8984
186 -0.0050602 167.53 0.35987 1.8906
187 -0.0051422 166.78 0.3598 1.8906
188 -0.0056649 166.12 0.36017 1.8672
189 -0.0052948 166.62 0.36005 1.8594
190 -0.0048924 167.02 0.35968 1.8984
191 -0.0045033 168.01 0.35932 1.9063
192 -0.0050526 166.88 0.35974 1.8984
193 -0.0055619 165.65 0.36023 1.8672
194 -0.0054741 166.7 0.36023 1.8594
195 -0.0056267 166.19 0.36011 1.8828
196 -0.0056572 165.24 0.36017 1.8594
197 -0.0057717 167.15 0.36029 1.8672
198 -0.0058766 166.03 0.36023 1.875
199 -0.0063763 165.11 0.36084 1.8359
200 -0.0058689 166.16 0.36017 1.875
201 -0.0064087 165 0.36072 1.8359
202 -0.0061055 166.09 0.36048 1.8594
203 -0.0062123 165.22 0.3606 1.8594
204 -0.0066986 164.3 0.3609 1.8281
205 -0.0066319 164.33 0.36084 1.8438
206 -0.0063877 165.05 0.36066 1.8359
207 -0.0063515 164.27 0.3606 1.8594
208 -0.00663 164.82 0.36072 1.8438
209 -0.0064507 165.25 0.36084 1.8359
210 -0.0068531 164.43 0.36102 1.8281
211 -0.0067616 164.51 0.36096 1.8359
212 -0.0064812 163.98 0.36078 1.8516
213 -0.0060749 164.83 0.36023 1.875
214 -0.0066014 165.1 0.36072 1.8359
215 -0.0065976 164.63 0.36078 1.8516
216 -0.0064717 165.2 0.36054 1.8594
217 -0.0063153 164.7 0.36066 1.8438
218 -0.0067635 164.86 0.36084 1.8438
219 -0.0070706 164.22 0.36109 1.8203
220 -0.0072689 164.59 0.36151 1.8047
221 -0.0061322 164.09 0.36029 1.8828
222 -0.0067082 165.24 0.36115 1.8359
223 -0.0072079 163.41 0.36121 1.8203
224 -0.0062714 164.74 0.3606 1.8594
225 -0.0063591 164.82 0.36072 1.8594
226 -0.0070439 164.2 0.36127 1.8359
227 -0.0071888 164.13 0.36157 1.8047
228 -0.0073204 163.86 0.3617 1.7891
229 -0.0073185 163.71 0.3617 1.8047
230 -0.0070839 164.8 0.36151 1.8047
231 -0.0075074 164.32 0.36163 1.7891
232 -0.0072136 163.77 0.36157 1.8125
233 -0.0068589 164.36 0.36157 1.8047
234 -0.0066529 164.09 0.36139 1.8281
235 -0.0067158 164.95 0.36163 1.8203
236 -0.0067368 164.29 0.36102 1.8438
237 -0.0068283 164.61 0.36163 1.8203
238 -0.0068169 164.07 0.36145 1.8203
239 -0.0070248 163.71 0.36151 1.8125
240 -0.0067272 164.95 0.36157 1.8125
241 -0.0067997 164.28 0.36163 1.8047
242 -0.0071717 163.99 0.362 1.7969
243 -0.0073128 164.54 0.36206 1.7813
244 -0.0065136 164.56 0.36176 1.8047
245 -0.0073128 164.29 0.36219 1.7891
246 -0.0067883 164.45 0.3617 1.8203
247 -0.0067616 164.92 0.36188 1.8047
248 -0.0069104 164.42 0.36219 1.7891
249 -0.0071488 164.02 0.36231 1.7734
250 -0.0069981 164.55 0.36206 1.7969
251 -0.0069523 164.28 0.36206 1.7969
252 -0.0065403 164.41 0.36194 1.8047
253 -0.0069256 164.74 0.362 1.8047
254 -0.0063839 164.5 0.36163 1.8281
255 -0.0072537 164.53 0.36231 1.7734
256 -0.0070458 164.66 0.36237 1.7734
257 -0.007082 164.77 0.36243 1.7734
258 -0.0069199 164.95 0.36243 1.7734
259 -0.0067272 164.09 0.36219 1.7969
260 -0.0067082 164.74 0.36206 1.8047
261 -0.0069599 164.73 0.36273 1.7578
262 -0.0061417 165.1 0.362 1.8047
263 -0.0068169 164.88 0.36267 1.7734
264 -0.0064164 164.53 0.36188 1.8281
265 -0.006443 164.78 0.36237 1.7891
266 -0.0063706 163.89 0.36219 1.7891
267 -0.0063877 164.83 0.36219 1.7813
268 -0.0064545 164.41 0.36243 1.7656
269 -0.0067539 164.53 0.36261 1.7813
270 -0.0067864 164.49 0.36261 1.7734
271 -0.0063839 164.47 0.36219 1.7891
272 -0.0065766 164.75 0.36243 1.7813
273 -0.00626 165.17 0.36237 1.7891
274 -0.0067578 164.42 0.36298 1.7578
275 -0.0064774 164.61 0.36255 1.7813
276 -0.0062943 165.16 0.36225 1.7969
277 -0.0062714 165.25 0.36261 1.7734
278 -0.0057087 164.8 0.362 1.8047
279 -0.006424 165.34 0.36279 1.7656
280 -0.0065155 165.27 0.36292 1.7578
281 -0.0061531 165.37 0.36243 1.7813
282 -0.0057049 165.08 0.36182 1.8125
283 -0.0059624 165.1 0.36219 1.7969
284 -0.0059834 164.88 0.36231 1.7891
285 -0.0063133 164.43 0.36261 1.7813
286 -0.0062943 165.02 0.36279 1.7656
287 -0.0061989 165.45 0.36255 1.7813
288 -0.0064965 165.56 0.36267 1.7813
289 -0.0057164 166.14 0.36212 1.8047
290 -0.0061264 164.7 0.36261 1.7813
291 -0.005806 164.51 0.36237 1.7813
292 -0.0056782 164.75 0.36225 1.7969
293 -0.0060539 165.24 0.36273 1.7656
294 -0.0060711 164.76 0.36273 1.7656
295 -0.0060501 165.38 0.36261 1.7813
296 -0.0056267 165.57 0.36237 1.7891
297 -0.0059166 165 0.36279 1.7656
298 -0.0057736 164.91 0.36237 1.8047
299 -0.0056973 165.72 0.36243 1.7813
300 -0.0058747 165.47 0.36273 1.7734
301 -0.0059624 165.22 0.36279 1.7734
302 -0.0062199 165.39 0.3631 1.7578
303 -0.0058499 165.25 0.36273 1.7656
304 -0.0062695 165.75 0.36279 1.7578
305 -0.0056782 165.41 0.36273 1.7734
306 -0.005806 166.03 0.36267 1.7813
307 -0.0057125 165.61 0.36243 1.7969
308 -0.005394 165.24 0.36243 1.7813
309 -0.0058117 165.49 0.36273 1.7734
310 -0.0050869 165.54 0.36206 1.8047
311 -0.0057831 165.27 0.36292 1.7656
312 -0.0057793 165.2 0.36261 1.7813
313 -0.0052853 166.16 0.36206 1.8203
314 -0.0056134 165.58 0.36273 1.7813
315 -0.0054512 165.89 0.36261 1.7813
316 -0.0054551 165.02 0.36273 1.7813
317 -0.0056553 165.26 0.36279 1.7656
318 -0.0057183 165.42 0.36292 1.7578
319 -0.0055619 165.72 0.36286 1.7734
320 -0.0055695 165.46 0.36298 1.7578
321 -0.0056782 165.57 0.36298 1.7656
322 -0.0053082 165.41 0.36267 1.7656
323 -0.0049992 165.71 0.36237 1.7891
324 -0.005127 164.66 0.36273 1.7656
325 -0.0055733 164.62 0.36298 1.7578
326 -0.0049305 165.36 0.36249 1.7813
327 -0.0054264 164.87 0.36267 1.7813
328 -0.0051441 165.33 0.36255 1.7813
329 -0.0049267 165.13 0.36255 1.7813
330 -0.0051976 165.11 0.36267 1.7813
331 -0.0055199 165.22 0.3631 1.7422
332 -0.0050888 165.51 0.36255 1.7813
333 -0.0049305 165.11 0.36255 1.7656
334 -0.0051499 165.09 0.36279 1.7578
335 -0.0050946 165.16 0.36267 1.7734
336 -0.0051976 165.34 0.36286 1.7656
337 -0.0051537 164.77 0.36279 1.7578
338 -0.00486 165.26 0.36237 1.7891
339 -0.0051594 165.02 0.36292 1.7578
340 -0.0051899 165.24 0.36304 1.7578
341 -0.0047589 164.66 0.36261 1.7656
342 -0.0046368 164.31 0.36249 1.7656
343 -0.0051976 164.84 0.36304 1.75
344 -0.0048466 164.71 0.36273 1.7578
345 -0.0045834 164.45 0.36243 1.7813
346 -0.0049744 164.63 0.36298 1.7578
347 -0.0047398 164.9 0.36267 1.7734
348 -0.0045395 165.13 0.36225 1.8047
349 -0.0052109 164.85 0.36322 1.7266
350 -0.0048065 164.66 0.36279 1.7578
351 -0.004715 164.52 0.36267 1.7656
352 -0.0048085 164.95 0.36273 1.7578
353 -0.0047894 165.13 0.36273 1.7578
354 -0.0048065 164.53 0.36298 1.7266
355 -0.0047112 164.31 0.36279 1.7578
356 -0.004469 164.54 0.36243 1.7656
357 -0.0048027 164.16 0.36304 1.7266
358 -0.0043011 164.26 0.36231 1.7813
359 -0.0042668 164.64 0.36219 1.7891
360 -0.0041294 164.09 0.36219 1.7969
361 -0.0039025 164.45 0.36182 1.7969
362 -0.0045796 164.04 0.36286 1.7344
363 -0.0044823 163.86 0.36267 1.7578
364 -0.0043011 164.2 0.36243 1.7813
365 -0.0045223 163.68 0.36267 1.7578
366 -0.0042668 163.82 0.36243 1.7813
367 -0.004385 163.79 0.36255 1.75
368 -0.0040283 164.53 0.36206 1.7813
369 -0.0043469 163.97 0.36255 1.7656
370 -0.0044632 163.32 0.36267 1.75
371 -0.0040035 163.94 0.36206 1.7891
372 -0.0039883 164.44 0.36206 1.7813
373 -0.0043602 164.37 0.36255 1.75
374 -0.0041428 163.82 0.36231 1.7578
375 -0.0043259 164.09 0.36255 1.7578
376 -0.0045376 164.07 0.36273 1.75
377 -0.0041142 164.01 0.36219 1.7578
378 -0.0039349 164.77 0.36188 1.7813
379 -0.0046482 164.15 0.36298 1.7266
380 -0.0041638 163.71 0.36237 1.7422
381 -0.0042496 163.93 0.36243 1.7656
382 -0.0040512 164.41 0.36225 1.7578
383 -0.0042534 164.09 0.36249 1.7578
384 -0.0041485 164.03 0.36237 1.7578
385 -0.0039788 164.17 0.36212 1.7734
386 -0.0039101 164.49 0.36194 1.7734
387 -0.0039616 164.43 0.362 1.7813
388 -0.003973 164.47 0.362 1.7891
389 -0.0044079 164.22 0.36261 1.7422
390 -0.0039711 164.49 0.36219 1.7578
391 -0.004139 164.27 0.36243 1.7422
392 -0.0042687 163.86 0.36267 1.7344
393 -0.0039654 164.04 0.36231 1.7578
394 -0.00383 163.74 0.36206 1.7734
395 -0.0041371 164.09 0.36261 1.7344
396 -0.0042439 163.91 0.36261 1.7344
397 -0.0038567 163.79 0.36212 1.7578
398 -0.0037632 163.86 0.362 1.7813
399 -0.003706 164.27 0.36194 1.7891
400 -0.00416 163.34 0.36267 1.7266
401 -0.0035744 164.17 0.3617 1.7813
402 -0.0037708 163.63 0.36206 1.7578
403 -0.0037136 163.19 0.36194 1.7656
404 -0.0039005 163.29 0.36231 1.7578
405 -0.0037251 164.33 0.36194 1.7734
406 -0.0041275 163.76 0.36261 1.7109
407 -0.0037689 163.74 0.36206 1.7578
408 -0.0034218 163.74 0.36163 1.7969
409 -0.0033322 164.09 0.36145 1.7891
410 -0.0033951 163.77 0.36163 1.7656
411 -0.003685 163.9 0.36188 1.7813
412 -0.0031357 163.93 0.36109 1.8047
413 -0.0033627 164.35 0.36151 1.7813
414 -0.0030785 164.74 0.36102 1.8047
415 -0.0034618 164.13 0.36163 1.7734
416 -0.0036049 163.82 0.36188 1.7656
417 -0.0036507 163.71 0.362 1.7578
418 -0.0034905 164.38 0.3617 1.7734
419 -0.0026379 166.82 0.36011 1.8594
420 -0.00276 166.1 0.36048 1.8359
421 -0.0031853 164.52 0.36115 1.8047
422 -0.0033035 164.69 0.36133 1.7813
423 -0.00313 164.79 0.36109 1.8047
424 -0.0031033 165.1 0.36115 1.7891
425 -0.0034466 164.54 0.36163 1.7734
426 -0.003355 165.08 0.36139 1.7813
427 -0.0033817 164.88 0.36145 1.7734
428 -0.0033016 165.25 0.36151 1.7734
429 -0.0033093 164.78 0.36145 1.7813
430 -0.0031109 165.56 0.36096 1.7891
431 -0.0033512 164.68 0.36145 1.7813
432 -0.0030823 165.31 0.36096 1.7969
433 -0.0034027 164.91 0.36157 1.7578
434 -0.0033016 165.16 0.36127 1.7969
435 -0.003252 164.96 0.36139 1.7813
436 -0.003233 164.92 0.36139 1.7734
437 -0.0030327 165.48 0.36096 1.8047
438 -0.0026283 168.21 0.36017 1.8359
439 -0.0031147 165.73 0.36121 1.7891
440 -0.0028916 166.5 0.3606 1.8359
441 -0.002842 165.88 0.36066 1.8125
442 -0.0027733 167.35 0.36035 1.8438
443 -0.0026283 167.92 0.35999 1.875
444 -0.0030365 165.83 0.36096 1.8047
445 -0.002615 167.81 0.35999 1.875
446 -0.0029278 166.19 0.36078 1.8047
447 -0.0027065 167.68 0.36023 1.8438
448 -0.0029717 165.58 0.3609 1.7969
449 -0.0026436 167.69 0.36035 1.8359
450 -0.0030308 165.7 0.36115 1.7891
451 -0.0028515 166.42 0.36066 1.8359
452 -0.0027218 166.85 0.36041 1.8281
453 -0.0025692 167.83 0.36005 1.8594
454 -0.002533 168.56 0.35999 1.8594
455 -0.0028668 166.07 0.36078 1.8047
456 -0.0028935 166.2 0.36078 1.8047
457 -0.002779 167.4 0.36054 1.8281
458 -0.0027981 167.51 0.36048 1.8281
459 -0.0028248 167.22 0.3606 1.8203
460 -0.0027809 167.23 0.3606 1.8438
461 -0.0025463 169.26 0.35999 1.8672
462 -0.0026264 168.83 0.36011 1.8594
463 -0.0024243 170.97 0.35956 1.8828
464 -0.0027313 167.96 0.36035 1.8438
465 -0.0026741 169.37 0.36011 1.8594
466 -0.0027847 168.63 0.36041 1.8359
467 -0.0028553 167.6 0.36072 1.8047
468 -0.0026932 168.04 0.36041 1.8281
469 -0.0026989 169.43 0.36041 1.8359
470 -0.0025501 168.96 0.36011 1.8594
471 -0.0024967 168.93 0.36011 1.8516
472 -0.0025349 169.57 0.35999 1.8672
473 -0.0026074 169.11 0.36023 1.8516
474 -0.0025921 168.95 0.36029 1.8359
475 -0.0026016 169.14 0.36035 1.8359
476 -0.0026169 169.06 0.36041 1.8281
477 -0.0028 168.7 0.36072 1.8125
478 -0.0028305 167.38 0.36078 1.7969
479 -0.0027294 167.93 0.36054 1.8281
480 -0.0026207 169.52 0.36041 1.8359
481 -0.0025253 169.94 0.36011 1.8594
482 -0.0024433 171.15 0.3598 1.8828
483 -0.002573 169.92 0.36023 1.8516
484 -0.0026417 169.74 0.36029 1.8516
485 -0.0024967 170.75 0.36005 1.875
486 -0.002512 171.05 0.36011 1.8672
487 -0.0025749 169.55 0.36023 1.8438
488 -0.0025578 170.52 0.36017 1.8594
489 -0.0025711 169.54 0.36017 1.8594
490 -0.0024376 171.28 0.35993 1.8828
491 -0.0025406 170.93 0.36011 1.8594
492 -0.0023956 172.78 0.35974 1.9063
493 -0.0023422 172.81 0.35968 1.9063
494 -0.0023251 173.24 0.35962 1.9063
495 -0.0023384 171.83 0.35974 1.8984
496 -0.002409 171.68 0.35987 1.8906
497 -0.0024605 170.24 0.36023 1.8516
498 -0.0021534 174.33 0.35926 1.9453
499 -0.0023232 171.27 0.3598 1.8906
500 -0.0023041 173.14 0.3598 1.8906
501 -0.002285 172.12 0.35987 1.8906
502 -0.0024281 171.79 0.36017 1.875
503 -0.0022564 173.48 0.35962 1.9297
504 -0.0023518 171.07 0.36005 1.8828
505 -0.0022488 172.02 0.3598 1.875
506 -0.0022984 171.74 0.35987 1.8906
507 -0.0022068 173.06 0.35962 1.9063
508 -0.0020924 174.34 0.35938 1.9375
509 -0.0020485 175.47 0.35932 1.9453
510 -0.0020485 173.76 0.35944 1.9297
511 -0.0020771 173.22 0.35962 1.9063
512 -0.0021515 172.41 0.35987 1.8984
513 -0.0020352 174.5 0.35938 1.9453
514 -0.0019474 175.04 0.35919 1.9453
515 -0.0019817 172.58 0.3595 1.9297
516 -0.0020485 171.95 0.35974 1.9063
517 -0.0019703 172.84 0.3595 1.9297
518 -0.002285 169.09 0.36048 1.8516
519 -0.0020371 171.36 0.3598 1.9063
520 -0.0020828 171.05 0.36005 1.8828
521 -0.001915 173.08 0.35956 1.9375
522 -0.0021153 170.76 0.36017 1.8828
523 -0.0018635 173.72 0.35944 1.9375
524 -0.0019379 171.16 0.35974 1.9063
525 -0.0018711 172.47 0.35962 1.9297
526 -0.0018349 172.31 0.3595 1.9453
527 -0.0019436 171.24 0.35974 1.9141
528 -0.0020161 169.5 0.36011 1.8906
529 -0.0018711 170.88 0.35987 1.9063
530 -0.0019493 171.67 0.35999 1.9141
531 -0.0020447 168.7 0.36041 1.8672
532 -0.0021 168.96 0.36048 1.875
533 -0.0020294 169.38 0.36041 1.875
534 -0.0018578 170.55 0.36005 1.8984
535 -0.0018368 170.87 0.36005 1.9063
536 -0.0017777 170.39 0.35999 1.9141
537 -0.0017281 170.7 0.35987 1.9375
538 -0.00173 170.69 0.35993 1.9219
539 -0.0016422 171.54 0.35968 1.9375
540 -0.0016003 171.14 0.35974 1.9375
541 -0.0016441 169.61 0.36005 1.9063
542 -0.0014839 170.59 0.35962 1.9375
543 -0.0016403 169.34 0.36005 1.9141
544 -0.001442 172.32 0.3595 1.9531
545 -0.0015297 168.83 0.35993 1.9219
546 -0.0014763 169.76 0.35968 1.9453
547 -0.0015717 168.46 0.36011 1.9063
548 -0.001442 170.68 0.35962 1.9453
549 -0.0015812 167.95 0.36011 1.9063
550 -0.0014382 170.68 0.35974 1.9453
551 -0.0014935 168.12 0.35999 1.9141
552 -0.0013352 172.68 0.3595 1.9609
553 -0.0013809 168.7 0.3598 1.9375
554 -0.0014153 168.75 0.35974 1.9375
555 -0.0013504 168.75 0.35974 1.9375
556 -0.0013466 168.67 0.3598 1.9375
557 -0.0013428 167.35 0.35987 1.9219
558 -0.0013447 166.89 0.36005 1.9297
559 -0.0012665 167.66 0.35974 1.9453
560 -0.0012283 164.52 0.35993 1.9375
561 -0.0011768 165.95 0.35987 1.9375
562 -0.001215 163.37 0.36011 1.9219
563 -0.0011826 164.56 0.35999 1.9297
564 -0.0010185 165.29 0.35968 1.9609
565 -0.0010967 162.63 0.36011 1.9141
566 -0.00086785 163.7 0.35944 1.9688
567 -0.0010605 161.07 0.36017 1.9219
568 -0.00107 160.81 0.36023 1.9219
569 -0.001009 158.08 0.36029 1.9141
570 -0.00097848 157.4 0.36035 1.9063
571 -0.0011025 156.24 0.36066 1.8906
572 -0.0010242 158.2 0.36041 1.9063
573 -0.00073052 158.57 0.35968 1.9609
574 -0.00090027 156.2 0.36029 1.9063
575 -0.00079155 156.2 0.36005 1.9375
576 -0.00083542 154.81 0.36017 1.9297
577 -0.00088501 153.52 0.36029 1.9219
578 -0.00082398 152.97 0.36029 1.9141
579 -0.00066185 152.74 0.35987 1.9375
580 -0.00071335 151.99 0.36005 1.9297
581 -0.00079918 152.85 0.36023 1.9297
582 -0.00069428 150.8 0.36017 1.9375
583 -0.00063706 148 0.36011 1.9375
584 -0.00092316 147.74 0.36084 1.8828
585 -0.00066948 146.43 0.36035 1.9063
586 -0.00064469 143.15 0.36041 1.9141
587 -0.00052453 141.06 0.36017 1.9375
588 -0.0005703 140.66 0.36035 1.9063
589 -0.00069809 143.36 0.36072 1.8984
590 -0.00049973 139.02 0.36023 1.9219
591 -0.00055504 139.05 0.36041 1.9141
592 -0.00046349 136.17 0.36011 1.9531
593 -0.00052453 137.46 0.36048 1.9141
594 -0.0005455 139.59 0.3606 1.9063
595 -0.00043679 134.66 0.36029 1.9297
596 -0.00046349 134.89 0.36035 1.9375
597 -0.00049019 134.02 0.36041 1.9141
598 -0.00040436 131.92 0.36017 1.9453
599 -0.00056839 135.66 0.36072 1.9063
600 -0.00061226 137.63 0.36084 1.8984
601 -0.00049973 134.42 0.3606 1.9063
602 -0.00052834 133.76 0.3606 1.9063
603 -0.00048065 130.22 0.3606 1.9219
604 -0.00063897 134.77 0.36102 1.8906
605 -0.00052834 130.91 0.36084 1.8906
606 -0.00052071 129.84 0.36084 1.9063
607 -0.00046349 128.84 0.36066 1.9141
608 -0.00039482 124.68 0.3606 1.9141
609 -0.00050354 128.07 0.36084 1.9063
610 -0.00052834 128.52 0.36109 1.8828
611 -0.00058365 130.81 0.36115 1.8828
612 -0.00058175 130.56 0.36109 1.8906
613 -0.00044823 125.98 0.3609 1.9063
614 -0.00022125 113.54 0.36035 1.9531
615 -0.00047112 125.84 0.36084 1.9063
616 -0.00043679 122.09 0.36084 1.9063
617 -0.00056076 126.49 0.36127 1.8828
618 -0.00052643 126.51 0.36115 1.9063
619 -0.00056649 127.77 0.36127 1.8906
620 -0.0004158 120.9 0.36102 1.9063
621 -0.00045777 122.41 0.36115 1.8984
622 -0.00043869 120.94 0.36109 1.9063
623 -0.00039673 118.38 0.36109 1.9063
624 -0.00052834 125.7 0.36145 1.8828
625 -0.0004673 122.2 0.36115 1.9063
626 -0.00051117 123.83 0.36127 1.8984
627 -0.00068665 129.4 0.36163 1.8828
628 -0.00067521 128.85 0.36157 1.8906
629 -0.00030327 114.68 0.36084 1.9141
630 -0.0011635 137.73 0.36261 1.8047
631 -0.00052453 122.89 0.36139 1.8984
632 -0.00048447 121.43 0.36127 1.8984
633 -0.00053215 122.34 0.36145 1.9063
634 -0.00053788 123.36 0.36145 1.8984
635 -0.00058365 123.76 0.36157 1.8828
636 -0.00047302 119.31 0.36133 1.9063
637 -0.00053597 122.34 0.36157 1.9063
638 -0.00048256 120.47 0.36139 1.8984
639 -0.00077057 129.91 0.362 1.8672
640 -0.00074196 127.95 0.36206 1.8672
641 -0.00082589 129.56 0.36206 1.875
642 -0.00077057 128.53 0.36194 1.8828
643 -0.00049591 119.73 0.36145 1.9063
644 -0.00071526 127.34 0.36194 1.875
645 -0.00055313 122.06 0.36163 1.8984
646 -0.0019741 145.24 0.36377 1.8047
647 -0.00092507 131.18 0.36231 1.8594
648 -0.00071335 125.73 0.36194 1.8828
649 -0.00079918 128.65 0.36206 1.875
650 -0.0010109 132.6 0.36261 1.8594
651 -0.00066948 123.66 0.36194 1.8906
652 -0.00083542 129.08 0.36231 1.8672
653 -0.00089837 131.36 0.36237 1.8672
654 -0.0010452 132.84 0.36261 1.8594
655 -0.00081635 128.5 0.36219 1.9063
656 -0.0011425 134.16 0.36273 1.875
657 -0.00098801 131.9 0.36255 1.8594
658 -0.00088501 130.09 0.36231 1.8828
659 -0.00076104 126.83 0.36219 1.8906
660 -0.00072861 125 0.36219 1.8828
661 -0.0010052 131.9 0.36261 1.875
662 -0.00086403 128.74 0.36231 1.8984
663 -0.0011692 134.66 0.36279 1.8672
664 -0.00097657 131.99 0.36261 1.8828
665 -0.0010681 132.56 0.36267 1.875
666 -0.00082016 127.01 0.36225 1.8906
667 -0.001379 137.77 0.36304 1.875
668 -0.0010014 131.38 0.36261 1.8828
669 -0.0011253 133.52 0.36292 1.8594
670 -0.0012836 135.29 0.36304 1.8672
671 -0.0010662 132.27 0.36267 1.8828
672 -0.0010567 132.38 0.36267 1.8828
673 -0.0013409 136.75 0.36322 1.8594
674 -0.0010891 132.88 0.36279 1.8828
675 -0.0011711 134.27 0.36292 1.8828
676 -0.0014915 138.91 0.36347 1.8438
677 -0.0015488 139.6 0.36347 1.8516
678 -0.0011234 132.79 0.36286 1.8828
679 -0.0010166 130.91 0.36279 1.875
680 -0.001751 142.01 0.36371 1.8516
681 -0.0015011 138.45 0.36334 1.8594
682 -0.0010033 131.85 0.36261 1.8984
683 -0.0012531 135.84 0.36304 1.875
684 -0.0013733 136.57 0.3631 1.8828
685 -0.0013886 137.91 0.3631 1.8828
686 -0.001194 134.75 0.36292 1.8828
687 -0.001379 136.89 0.36316 1.875
688 -0.0014858 138.69 0.36322 1.8828
689 -0.0012646 135.3 0.36298 1.8828
690 -0.0018044 142.64 0.36371 1.8594
691 -0.0018883 143.69 0.36371 1.8594
692 -0.0015526 139.14 0.3634 1.8594
693 -0.0016727 141 0.36353 1.875
694 -0.0014267 137.84 0.36322 1.8906
695 -0.00173 141.61 0.36365 1.8594
696 -0.0019932 144.03 0.36402 1.8438
697 -0.0018845 143.91 0.36377 1.8594
698 -0.0016842 141.06 0.36353 1.8828
699 -0.0020962 145.44 0.36408 1.8516
700 -0.0019951 145.14 0.36383 1.8672
701 -0.0021076 145.21 0.36402 1.8594
702 -0.0020619 145.31 0.36395 1.8594
703 -0.0020523 145.21 0.36383 1.8672
704 -0.0020638 144.62 0.36395 1.8516
705 -0.0017147 141.84 0.3634 1.8828
706 -0.0019551 144.23 0.36371 1.8828
707 -0.0021267 145.12 0.36383 1.8594
708 -0.002203 146.47 0.36402 1.8594
709 -0.0024204 148.11 0.3642 1.8359
710 -0.001997 144.45 0.36377 1.875
711 -0.0022812 145.45 0.36414 1.8438
712 -0.0024128 147.55 0.36426 1.8359
713 -0.0023041 147.13 0.36402 1.8594
714 -0.00206 145.58 0.36359 1.8828
715 -0.0020981 145.74 0.36377 1.8828
716 -0.0025787 148.11 0.36432 1.8359
717 -0.0026608 149.47 0.3642 1.8594
718 -0.0023403 146.25 0.36371 1.8828
719 -0.0023346 147.29 0.36389 1.875
720 -0.0023194 147.13 0.36389 1.8594
721 -0.0021801 146.24 0.36371 1.8906
722 -0.0022221 146.05 0.36377 1.875
723 -0.0025025 148.91 0.36408 1.8672
724 -0.002697 150.06 0.3642 1.8516
725 -0.0027962 150.1 0.3642 1.8438
726 -0.0025025 148.73 0.36389 1.8672
727 -0.0024719 148.24 0.36389 1.8828
728 -0.00276 150.36 0.36414 1.8516
729 -0.0026512 149.93 0.36389 1.8594
730 -0.0026875 150.02 0.36395 1.8672
731 -0.0027981 151.55 0.36395 1.8828
732 -0.0024681 148.26 0.36383 1.875
733 -0.0025921 149.55 0.36389 1.875
734 -0.0025521 149.64 0.36377 1.8828
735 -0.0028763 151.68 0.3642 1.8672
736 -0.003006 152.02 0.3642 1.8594
737 -0.0031319 151.41 0.3642 1.8672
738 -0.0032101 151.84 0.3642 1.8594
739 -0.0033188 152.61 0.36444 1.8438
740 -0.002861 151.59 0.36389 1.875
741 -0.0030651 152.08 0.36389 1.8828
742 -0.0029411 151.49 0.36395 1.8672
743 -0.0030766 151.49 0.36395 1.8828
744 -0.0033226 152.77 0.36408 1.8594
745 -0.0027142 151.16 0.36347 1.9063
746 -0.0031262 152.63 0.36383 1.8828
747 -0.0033169 153.12 0.36432 1.8594
748 -0.0032177 152.31 0.36395 1.875
749 -0.003027 152.43 0.36365 1.8906
750 -0.0034504 153.43 0.36408 1.8594
751 -0.0032101 153.96 0.36389 1.8828
752 -0.0033245 152.56 0.36365 1.8984
753 -0.0035992 153.52 0.36371 1.875
754 -0.0031338 153 0.36365 1.8984
755 -0.0037518 154.56 0.36383 1.875
756 -0.0033837 153.01 0.36365 1.8984
757 -0.0034161 153.8 0.36365 1.8828
758 -0.0035801 154.44 0.36371 1.8906
759 -0.0035134 153.6 0.36389 1.8594
760 -0.0038986 155.35 0.36414 1.8594
761 -0.0039616 155.51 0.36383 1.8828
762 -0.0041466 155.51 0.36383 1.8672
763 -0.0040112 154.63 0.36365 1.875
764 -0.0038529 155.18 0.36383 1.875
765 -0.0037766 155.34 0.36359 1.8828
766 -0.0037613 154.7 0.36365 1.8828
767 -0.0036965 155.01 0.36359 1.8828
768 -0.0037689 155.09 0.3634 1.8984
769 -0.0039101 155.51 0.36371 1.875
770 -0.0040722 155.5 0.36371 1.875
771 -0.0036984 155.1 0.36347 1.8906
772 -0.0040417 155.02 0.36353 1.8828
773 -0.0037594 154.58 0.36334 1.8984
774 -0.0040608 155.66 0.36347 1.8828
775 -0.0040417 155.2 0.36328 1.8906
776 -0.0043736 155.7 0.36365 1.875
777 -0.0039139 154.84 0.36316 1.9063
778 -0.0041962 155.41 0.36359 1.8672
779 -0.0042725 155.07 0.36353 1.8594
780 -0.0040856 155.02 0.36328 1.8906
781 -0.0041447 155.45 0.3631 1.9063
782 -0.0039235 155.2 0.36298 1.8984
783 -0.0039482 155.61 0.36286 1.9141
784 -0.0040875 155.71 0.36298 1.9063
785 -0.0039845 155.08 0.36292 1.9063
786 -0.004076 155.13 0.36292 1.8984
787 -0.0043221 155.93 0.36316 1.875
788 -0.0041581 156.41 0.36304 1.8828
789 -0.0041313 155.52 0.36286 1.8828
790 -0.0041981 155.64 0.36298 1.8906
791 -0.0040016 154.84 0.36255 1.9141
792 -0.0039292 154.74 0.36255 1.9063
793 -0.0039482 155.66 0.36255 1.9063
794 -0.0041542 155.51 0.36286 1.8984
795 -0.0038071 154.37 0.36243 1.9063
796 -0.0045071 156.45 0.36298 1.8828
797 -0.0040264 156.33 0.36261 1.9063
798 -0.0041218 156.45 0.36249 1.9063
799 -0.0042134 156.1 0.36255 1.9063
800 -0.0040055 156.16 0.36231 1.9141
801 -0.0042401 156.33 0.36249 1.9063
802 -0.0042134 155.57 0.36237 1.9063
803 -0.0039482 156.74 0.36237 1.9141
804 -0.0036297 156.57 0.36194 1.9609
805 -0.0037518 156.13 0.36194 1.9375
806 -0.0037804 156.55 0.362 1.9297
807 -0.0036431 156.78 0.36206 1.9297
808 -0.003849 156.83 0.36206 1.9453
809 -0.0037975 156.47 0.36206 1.9297
810 -0.0033951 155.53 0.3617 1.9375
811 -0.0036831 156.13 0.36188 1.9375
812 -0.003439 156.03 0.3617 1.9453
813 -0.0033779 156.16 0.3617 1.9375
814 -0.0032196 155.2 0.36151 1.9531
815 -0.0033989 156.06 0.36157 1.9453
816 -0.0032883 157.22 0.36157 1.9453
817 -0.0031719 156.36 0.36145 1.9531
818 -0.0030613 155.9 0.36133 1.9609
819 -0.0032864 155.7 0.36151 1.9531
820 -0.0028191 156.82 0.36109 1.9844
821 -0.0031033 156.62 0.36133 1.9609
822 -0.0026303 155.73 0.36084 2
823 -0.002945 157.49 0.36133 1.9609
824 -0.0026455 155.82 0.36096 1.9766
825 -0.002512 156.13 0.36078 1.9844
826 -0.0024605 155.2 0.36078 1.9844
827 -0.0024243 157.56 0.36096 1.9766
828 -0.0023079 156.67 0.36084 1.9844
829 -0.0025082 156.94 0.36096 1.9688
830 -0.0022259 156.83 0.36072 1.9844
831 -0.0024166 157.09 0.3609 1.9609
832 -0.0022907 155.27 0.36078 1.9844
833 -0.002264 158.26 0.36078 1.9844
834 -0.0018444 157.6 0.36041 2.0156
835 -0.0021725 157.09 0.3609 1.9609
836 -0.0017948 157.33 0.36035 2.0156
837 -0.0015774 155.56 0.36048 1.9844
838 -0.001236 155.17 0.35987 2.0391
839 -0.0015144 156.36 0.36035 2
840 -0.0014668 156.74 0.36011 2.0156
841 -0.0010986 153.92 0.35993 2.0156
842 -0.001545 157.02 0.36035 1.9844
843 -0.0012474 154.86 0.36011 2.0156
844 -0.00096322 154.38 0.3598 2.0234
845 -0.00099946 155.06 0.35993 2.0234
846 -0.00084496 154.58 0.3598 2.0234
847 -0.00080872 151.26 0.3598 2.0156
848 -0.00090218 152.63 0.35987 2.0156
849 -0.00094414 154.22 0.35993 2.0156
850 -0.00053215 149.62 0.35944 2.0391
851 -0.00063134 149.46 0.35962 2.0313
852 -0.00074578 152.82 0.35974 2.0156
853 -0.0006485 152.95 0.35956 2.0391
854 -0.00034332 143.79 0.35938 2.0391
855 -0.00049019 150.23 0.35944 2.0469
856 -0.00034142 139.44 0.35932 2.0391
857 -0.00052262 145.92 0.35962 2.0156
858 -0.00026512 136.62 0.35926 2.0391
859 -0.00054741 146.14 0.35968 2.0156
860 -0.00042343 147.41 0.35944 2.0234
861 -0.00047493 145.99 0.35944 2.0234
862 -0.00033188 139.66 0.35938 2.0391
863 -0.00040436 144.3 0.35956 2.0156
864 6.8665E-5 54.125 0.35871 2.0859
865 -0.00015259 127.17 0.35919 2.0391
866 -0.00021744 132.72 0.35932 2.0313
867 -8.0109E-5 112.45 0.35907 2.0391
868 2.4796E-5 80.766 0.35901 2.0391
869 -0.00021362 132.19 0.35938 2.0156
870 5.7221E-6 90.719 0.35901 2.0469
871 -5.9128E-5 101.48 0.35901 2.0391
872 -1.3352E-5 94.54 0.35901 2.0391
873 2.0981E-5 78.68 0.35895 2.0469
874 -0.00018501 134.74 0.35913 2.0313
875 -9.3461E-5 118.68 0.35901 2.0391
876 -5.7221E-5 107.93 0.35907 2.0391
877 1.1444E-5 83.985 0.35895 2.0391
878 -8.5831E-5 120.13 0.35907 2.0234
879 4.7684E-5 66.891 0.35883 2.0391
880 -0.00029564 135.99 0.35944 2
881 -0.00012398 124.27 0.35913 2.0234
882 4.0055E-5 70.672 0.35883 2.0391
883 -0.00012207 121.77 0.35907 2.0078
884 -9.5368E-5 119.1 0.35895 2.0234
885 -0.00011063 125.64 0.35901 2.0234
886 -6.6758E-5 110.8 0.35889 2.0391
887 -3.4332E-5 107.52 0.35871 2.0391
888 -9.3461E-5 122.05 0.35895 2.0156
889 -0.00021362 137.9 0.35907 2.0156
890 -0.00011063 131.98 0.35877 2.0391
891 -0.00035858 151.44 0.35913 2.0156
892 -0.00024987 148.86 0.35901 2.0234
893 -4.0055E-5 150.74 0.35864 2.0469
894 -0.00033188 152.63 0.35907 2.0156
895 -0.00028992 154.63 0.35883 2.0313
896 -0.00033379 154.7 0.35895 2.0234
897 -0.00022888 155.8 0.35877 2.0313
898 -0.00019836 165.41 0.35858 2.0391
899 -0.00034142 164.01 0.35877 2.0313
900 -0.00025177 166.58 0.35852 2.0625
901 -0.00057412 162.27 0.35901 2.0156
902 -0.00052643 163.74 0.35889 2.0156
903 -0.00049591 166.22 0.35889 2.0156
904 -0.00048256 168.8 0.35877 2.0391
905 -0.00057984 161.06 0.35895 2.0078
906 -0.00056458 163.89 0.35883 2.0156
907 -0.00054741 167.81 0.35883 2.0234
908 -0.00071335 165.34 0.35907 1.9922
909 -0.00061035 166.69 0.35877 2.0313
910 -0.00079537 165.9 0.35907 2.0156
911 -0.00056839 171.98 0.35858 2.0391
912 -0.0007 167.98 0.35883 2.0156
913 -0.00075341 167.42 0.35883 2.0156
914 -0.00077629 167.45 0.35889 2.0234
915 -0.0009327 169.85 0.35901 2.0234
916 -0.00090981 167.49 0.35907 2.0078
917 -0.00096512 165.31 0.35913 1.9844
918 -0.00078011 166.88 0.35871 2.0234
919 -0.00090981 169.81 0.35895 2.0156
920 -0.00071717 172.66 0.35852 2.0391
921 -0.00099755 172.95 0.35883 2.0234
922 -0.0011521 170.37 0.35895 2.0156
923 -0.0010491 169.63 0.35895 2.0156
924 -0.0011273 169.84 0.35877 2.0391
925 -0.0011482 170.04 0.35907 2.0078
926 -0.0011597 169.88 0.35889 2.0156
927 -0.001297 169.34 0.35901 2.0156
928 -0.0011234 169.87 0.35883 2.0313
929 -0.0012951 170.12 0.35901 2.0234
930 -0.0019283 168.65 0.35968 1.9531
931 -0.0012474 171.64 0.35889 2.0313
932 -0.0013332 172.38 0.35895 2.0313
933 -0.0011578 173.2 0.35871 2.0391
934 -0.0014801 168.82 0.35919 1.9844
935 -0.0013409 170.85 0.35895 2.0156
936 -0.0012093 171.31 0.35877 2.0156
937 -0.0014649 171.06 0.35913 1.9922
938 -0.0017071 168.34 0.35932 1.9766
939 -0.0014362 170.66 0.35895 2.0156
940 -0.0013161 171.98 0.35877 2.0156
941 -0.0017166 170.41 0.35919 1.9844
942 -0.0016937 168.68 0.35919 1.9766
943 -0.001585 170 0.35913 1.9844
944 -0.0017033 169.08 0.35926 1.9766
945 -0.0019302 168.01 0.3595 1.9609
946 -0.0019417 167.79 0.35944 1.9531
947 -0.0018768 170.85 0.35926 1.9844
948 -0.0019264 168.07 0.35938 1.9766
949 -0.0020542 168.45 0.35962 1.9531
950 -0.0020123 168.95 0.35944 1.9609
951 -0.0017948 172.16 0.35907 1.9922
952 -0.0020676 169.41 0.35932 1.9844
953 -0.0020218 171.41 0.35907 2.0078
954 -0.0019131 171.7 0.35901 2.0078
955 -0.0022793 168.31 0.35938 1.9688
956 -0.0030499 167.35 0.35987 1.9531
957 -0.0021992 170.13 0.35846 2.0938
958 -0.0025883 167.74 0.35962 1.9531
959 -0.0047245 162.41 0.36444 1.6172
960 -0.00486 161.74 0.36481 1.5781
961 -0.0046578 161.7 0.36463 1.6016
962 -0.0049916 161.71 0.36487 1.5859
963 -0.0053692 162.23 0.36536 1.5781
964 -0.0055065 161.95 0.36548 1.5703
965 -0.0036907 162.39 0.36298 1.6797
966 -0.0028572 166.87 0.35968 1.9531
967 -0.0020027 169.74 0.35809 2.1172
968 -0.002327 168.99 0.35858 2.0625
969 -0.0026245 169.01 0.35883 2.0391
970 -0.0025273 169.39 0.35877 2.0391
971 -0.0025692 168.85 0.35877 2.0469
972 -0.0025673 168.27 0.35895 2.0234
973 -0.0028439 167.68 0.35901 2.0156
