Alpha(50mT) X DEG X DEG
269.87 0.00059128 71.555 0.89307 1.4844
264.87 -0.0040179 156.26 0.89374 1.4766
260.09 -0.0041118 157.54 0.89441 1.4688
254.93 -0.0039683 157.12 0.89435 1.4688
249.97 -0.0042549 158.49 0.89496 1.4609
244.87 -0.0043955 158.85 0.8946 1.4688
239.88 -0.0045166 159.43 0.89441 1.4688
235.2 -0.0046296 160.13 0.89472 1.4688
230.31 -0.004767 160.63 0.89472 1.4688
224.9 -0.004736 160.64 0.89515 1.4688
220.2 -0.0053749 162.14 0.89502 1.4688
215.38 -0.005198 162.06 0.89484 1.4688
210.34 -0.0053411 162.3 0.89453 1.4688
204.93 -0.005424 162.64 0.8946 1.4688
199.85 -0.0053077 162.67 0.89423 1.4766
194.78 -0.0054183 162.82 0.89466 1.4688
189.74 -0.0053773 162.77 0.89453 1.4688
185.55 -0.0054388 162.88 0.89441 1.4688
180.42 -0.0055781 163.21 0.89435 1.4688
175.29 -0.0055261 163.2 0.89423 1.4688
170.04 -0.0054436 162.86 0.89405 1.4688
164.9 0.00075007 67.258 0.89423 1.4688
159.9 0.00075388 67.61 0.89362 1.4688
154.72 0.0008502 64.844 0.89289 1.4844
149.48 0.0010548 59.625 0.89283 1.4766
145.5 0.0013976 52.008 0.89344 1.4688
139.55 0.0015049 50.157 0.89362 1.4688
135.97 0.0013743 52.696 0.89319 1.4844
129.44 0.0015535 49.571 0.8935 1.4766
124.62 0.0014472 51.891 0.89338 1.4922
119.7 0.0017085 47.164 0.89331 1.4844
115.42 0.0014706 50.977 0.89331 1.4844
109.55 0.0019112 43.469 0.89362 1.4766
104.54 0.0018725 44 0.89399 1.4688
100.45 0.0015574 49.961 0.89374 1.4766
95.51 0.0017576 46.797 0.89386 1.4766
90.32 0.001626 48.352 0.89356 1.4766
84.52 -0.0027371 147.97 0.89405 1.4844
80.48 -0.0034633 153.95 0.89441 1.4688
74.49 -0.0037775 155.61 0.89447 1.4688
69.54 -0.0039029 156.15 0.89405 1.4766
64.56 -0.0039177 156.7 0.89411 1.4688
59.58 -0.0041881 157.81 0.89405 1.4688
54.58 -0.004117 157.51 0.89411 1.4688
49.57 -0.004324 158.56 0.8946 1.4688
45.94 -0.0043846 158.9 0.89429 1.4688
39.82 -0.0042768 158.64 0.89429 1.4688
34.86 -0.0044976 159.75 0.89441 1.4688
30.02 -0.0044999 159.74 0.89429 1.4688
25.11 -0.004581 159.56 0.89399 1.4688
20.19 -0.0045781 160.02 0.8946 1.4609
15.34 -0.0049229 160.99 0.89362 1.4766
10.3 -0.004983 161.17 0.8938 1.4688
5.33 -0.0050187 161.27 0.89362 1.4766
0.42 -0.0050974 161.53 0.89399 1.4688
-4.52 -0.0051966 162.13 0.89399 1.4688
-9.57 -0.0049219 161.25 0.89417 1.4688
-14.52 0.00098086 60.555 0.89399 1.4688
-19.73 0.00095749 62.485 0.8938 1.4688
-25.48 0.0011978 57.375 0.89338 1.4766
-29.58 0.0012417 55.797 0.89319 1.4844
-35.46 0.0010514 60.305 0.89338 1.4766
-39.57 0.0014858 51.032 0.89368 1.4766
-45.07 0.0014691 51.555 0.89319 1.4922
-50.15 0.0015235 49.774 0.89386 1.4844
-55.22 0.0015521 49.867 0.89362 1.4766
-59.97 0.0014424 51.742 0.89356 1.4844
-64.87 0.0017882 45.375 0.89374 1.4844
-69.8 0.0015497 49.594 0.89392 1.4766
-74.74 0.0016866 47.485 0.89386 1.4688
-79.72 0.0020752 40.75 0.89405 1.4688
-84.89 0.002038 41.344 0.89411 1.4688
-90.13 0.0016165 48.125 0.89399 1.4688
269.87 0.0012436 56.274 0.89417 1.4688
264.87 -0.002851 149.19 0.89417 1.4688
260.09 -0.0038057 156.09 0.89447 1.4688
254.93 -0.0042515 158.2 0.89466 1.4688
249.97 -0.0047407 159.99 0.89423 1.4688
244.87 -0.0048437 160.41 0.89405 1.4688
239.88 -0.0049453 160.62 0.89399 1.4688
235.2 -0.0047193 160.52 0.89441 1.4688
230.31 -0.0047074 160.33 0.8946 1.4688
224.9 -0.0048991 160.78 0.89441 1.4688
220.2 -0.0050178 161.27 0.89429 1.4688
215.38 -0.0046664 160.09 0.89423 1.4688
210.34 -0.0051022 161.52 0.89417 1.4688
204.93 -0.0051065 161.82 0.89429 1.4609
199.85 -0.0054183 162.52 0.89429 1.4609
194.78 -0.0049377 161.36 0.89411 1.4688
189.74 -0.0049796 161.25 0.89429 1.4688
185.55 -0.00488 160.94 0.89435 1.4688
180.42 -0.0048933 160.87 0.89417 1.4688
175.29 -0.0049186 161.07 0.89417 1.4766
170.04 -0.0050412 161.04 0.89392 1.4766
164.9 0.0012922 55.266 0.89356 1.4766
159.9 0.00136 53.391 0.89338 1.4766
154.72 0.00098086 61.938 0.89344 1.4688
149.48 0.0012336 56.86 0.89295 1.4844
145.5 0.001276 55.86 0.89301 1.4844
139.55 0.0012889 54.633 0.89301 1.4922
135.97 0.0014496 51.883 0.89344 1.4766
129.44 0.0016265 48.391 0.89313 1.4922
124.62 0.0019212 43.258 0.89319 1.4844
119.7 0.0014496 52.649 0.89331 1.4766
115.42 0.001832 45.571 0.89313 1.4922
109.55 0.0020619 41.625 0.89331 1.4922
104.54 0.002101 41.157 0.89338 1.4922
100.45 0.0020509 42.407 0.89368 1.4766
95.51 0.0019322 44.344 0.89313 1.4922
90.32 0.0018125 45.571 0.89331 1.4844
84.52 -0.0026927 146.4 0.8938 1.4844
80.48 -0.0033283 152.66 0.89435 1.4844
74.49 -0.0032354 152.44 0.89429 1.4844
69.54 -0.0038252 155.76 0.89435 1.4844
64.56 -0.0037766 155.27 0.89429 1.4844
59.58 -0.0037275 154.99 0.89423 1.4844
54.58 -0.0037074 155.09 0.89411 1.4844
49.57 -0.0039163 156.39 0.89374 1.4844
45.94 -0.0039883 156.85 0.89362 1.4844
39.82 -0.0041371 157.15 0.89368 1.4844
34.86 -0.0041852 157.99 0.8938 1.4844
30.02 -0.0039726 157.16 0.89392 1.4844
25.11 -0.0042978 158.45 0.89423 1.4766
20.19 -0.0044561 159.16 0.8938 1.4766
15.34 -0.004376 159.08 0.89368 1.4844
10.3 -0.0046435 159.99 0.89411 1.4844
5.33 -0.0046029 159.92 0.89392 1.4844
0.42 -0.0048647 160.74 0.89319 1.4922
-4.52 -0.0048719 160.6 0.8935 1.4844
-9.57 -0.004623 160.15 0.8935 1.4766
-14.52 0.0008874 65.219 0.89264 1.4922
-19.73 0.0013509 54.633 0.89173 1.5078
-25.48 0.0013566 54.219 0.89191 1.4922
-29.58 0.0015173 50.407 0.89203 1.4922
-35.46 0.0017433 46.328 0.89222 1.5
-39.57 0.0018249 45.539 0.8924 1.5
-45.07 0.0018797 44.797 0.8924 1.4922
-50.15 0.0019493 43.602 0.89264 1.4922
-55.22 0.0017333 47.477 0.89264 1.4922
-59.97 0.0021892 39.766 0.89258 1.4922
-64.87 0.0021663 40.617 0.89307 1.4844
-69.8 0.0020657 41.461 0.89252 1.4922
-74.74 0.0022459 39.586 0.89313 1.4766
-79.72 0.0019255 44.149 0.89246 1.4922
-84.89 0.0023899 37.469 0.89258 1.4922
-90.13 0.0021262 40.782 0.8927 1.4922
269.87 0.0019689 43.438 0.89301 1.4922
264.87 -0.0022001 141.52 0.89313 1.4922
260.09 -0.0030971 150.66 0.8935 1.4844
254.93 -0.0030723 150.84 0.8938 1.4766
249.97 -0.0033264 152.66 0.89392 1.4766
244.87 -0.0034418 153.43 0.89374 1.4766
239.88 -0.0033956 153.41 0.89411 1.4688
235.2 -0.0036826 154.9 0.89399 1.4766
230.31 -0.0035486 154.57 0.89392 1.4688
224.9 -0.0038004 155.59 0.89368 1.4766
220.2 -0.0039263 156.42 0.89331 1.4844
215.38 -0.0037613 155.88 0.89331 1.4844
210.34 -0.0042205 157.64 0.89338 1.4844
204.93 -0.0044294 158.66 0.89295 1.4922
199.85 -0.0043354 158.52 0.89307 1.4922
194.78 -0.0044771 159.21 0.89283 1.4922
189.74 -0.0046487 159.44 0.89295 1.4922
185.55 -0.004407 158.73 0.89301 1.4922
180.42 -0.004541 159.38 0.89283 1.4922
175.29 -0.0047021 160.09 0.89264 1.4922
170.04 -0.004664 159.65 0.89252 1.5
164.9 0.00099898 62.008 0.89179 1.5078
159.9 0.00087738 65.477 0.89118 1.5156
154.72 0.0013952 52.914 0.89136 1.5078
149.48 0.001555 50.703 0.89112 1.5156
145.5 0.0014143 52.961 0.89154 1.5
139.55 0.0018883 44.219 0.89167 1.5
135.97 0.0018115 45.977 0.89222 1.4922
129.44 0.0015755 50.422 0.89167 1.5
124.62 0.0018129 45.641 0.89161 1.5
119.7 0.0023728 37.61 0.89216 1.4922
115.42 0.0019512 43.477 0.89234 1.4922
109.55 0.0021558 40.711 0.89185 1.5
104.54 0.0022001 40.438 0.89228 1.4922
100.45 0.0020199 43.469 0.89161 1.5078
95.51 0.0022779 39.696 0.89191 1.5
90.32 0.0023055 38.992 0.89179 1.5078
84.52 -0.0019527 138.06 0.8927 1.4922
80.48 -0.00283 148.5 0.89313 1.4922
74.49 -0.0031514 151.02 0.89319 1.4922
69.54 -0.003098 150.47 0.89277 1.5
64.56 -0.0031529 150.99 0.89258 1.5
59.58 -0.0031796 151.58 0.89277 1.4922
54.58 -0.0035596 154.01 0.89295 1.4922
49.57 -0.0035343 153.46 0.89246 1.5
45.94 -0.0034313 153.57 0.89301 1.4844
39.82 -0.0035472 154.24 0.89295 1.4922
34.86 -0.0038228 155.82 0.8927 1.4922
30.02 -0.0037704 155.38 0.89252 1.4922
25.11 -0.0036969 155.23 0.89319 1.4844
20.19 -0.0040298 156.88 0.8924 1.4922
15.34 -0.003583 154.68 0.89319 1.4844
10.3 -0.0038367 155.92 0.89289 1.4844
5.33 -0.0040479 157.34 0.89252 1.4922
0.42 -0.0039473 156.86 0.89289 1.4922
-4.52 -0.004272 157.99 0.8924 1.5
-9.57 -0.004189 157.49 0.89228 1.5
-14.52 0.0019961 42.422 0.8924 1.4922
-19.73 0.0019317 43.805 0.89191 1.4922
-25.48 0.0021992 39.867 0.89167 1.4922
-29.58 0.0022125 40.203 0.89161 1.4922
-35.46 0.0023031 39.055 0.89142 1.5
-39.57 0.0023885 38.352 0.89081 1.5078
-45.07 0.0027018 34.727 0.89167 1.4922
-50.15 0.002543 36.961 0.89173 1.4922
-55.22 0.0027742 33.93 0.89179 1.4922
-59.97 0.0024629 37.774 0.89173 1.5
-64.87 0.0030308 31.102 0.89185 1.4922
-69.8 0.0027061 34.961 0.89222 1.4922
-74.74 0.0027833 34.094 0.89191 1.4922
-79.72 0.0028944 33.071 0.89179 1.5
-84.89 0.0027905 34.321 0.89222 1.4922
-90.13 0.0024452 37.641 0.8924 1.5
269.87 0.0024729 37.125 0.89338 1.4922
264.87 -0.0014935 130.74 0.89368 1.4844
260.09 -0.0021644 141.11 0.89386 1.4844
254.93 -0.0024777 144.41 0.89368 1.4844
249.97 -0.0026183 146.25 0.8935 1.4844
244.87 -0.0029874 149.45 0.89362 1.4844
239.88 -0.0028386 147.82 0.89338 1.4844
235.2 -0.0029884 149.88 0.89325 1.4844
230.31 -0.0031271 150.91 0.89319 1.4844
224.9 -0.0032473 151.78 0.89289 1.4922
220.2 -0.0033379 152.59 0.89301 1.4844
215.38 -0.0032182 151.84 0.89289 1.4844
210.34 -0.0034089 153.06 0.89283 1.4844
204.93 -0.0038219 154.94 0.8924 1.4922
199.85 -0.0035868 154.41 0.89234 1.4922
194.78 -0.0037627 155.35 0.89307 1.4766
189.74 -0.0037956 155.06 0.89295 1.4766
185.55 -0.003726 154.88 0.89252 1.4844
180.42 -0.0038986 155.74 0.89209 1.4922
175.29 -0.0037999 155.41 0.8924 1.4844
170.04 -0.0035305 153.99 0.89234 1.4766
164.9 0.0024591 37.094 0.89179 1.4844
159.9 0.0026436 34.821 0.89167 1.4766
154.72 0.0027948 33.453 0.89167 1.4844
149.48 0.0027585 34.805 0.89167 1.4844
145.5 0.0029669 32.36 0.8913 1.4922
139.55 0.0027466 34.946 0.8913 1.4844
135.97 0.0030742 31.735 0.89148 1.4844
129.44 0.0034208 28.516 0.89173 1.4766
124.62 0.0032239 30.125 0.89161 1.4766
119.7 0.0030608 31.828 0.89167 1.4766
115.42 0.0031581 31.133 0.89167 1.4766
109.55 0.0028343 34.414 0.89154 1.4844
104.54 0.0031524 31.25 0.89154 1.4922
100.45 0.0036559 27.07 0.89203 1.4844
95.51 0.0034256 28.617 0.89209 1.4844
90.32 0.0033169 29.602 0.89197 1.4844
84.52 -0.0011268 122.48 0.89185 1.4922
80.48 -0.0019131 137.17 0.89209 1.4922
74.49 -0.0019884 138.44 0.89216 1.4922
69.54 -0.0021291 140.09 0.89252 1.4844
64.56 -0.0022884 141.98 0.89246 1.4922
59.58 -0.0024672 144.28 0.89216 1.4922
54.58 -0.0026622 146.38 0.89228 1.4844
49.57 -0.0024657 144.3 0.89264 1.4844
45.94 -0.0026608 146.72 0.89283 1.4766
39.82 -0.0029068 148.66 0.89277 1.4766
34.86 -0.002935 148.75 0.89209 1.4922
30.02 -0.0028501 148.04 0.89228 1.4844
25.11 -0.0027623 147.63 0.89258 1.4844
20.19 -0.0030017 149.42 0.89246 1.4766
15.34 -0.0029903 149.6 0.89283 1.4688
10.3 -0.0030556 150.38 0.89283 1.4688
5.33 -0.0033283 151.34 0.8924 1.4766
0.42 -0.0031367 150.59 0.89203 1.4844
-4.52 -0.0031991 151.02 0.89228 1.4766
-9.57 -0.0032358 150.87 0.89258 1.4688
-14.52 0.0026336 35.649 0.89246 1.4688
-19.73 0.0030856 31.414 0.89179 1.4844
-25.48 0.0029316 33.391 0.89154 1.4844
-29.58 0.0030852 31.805 0.89118 1.4844
-35.46 0.0033236 29.641 0.89106 1.4844
-39.57 0.0032659 30.578 0.89161 1.4844
-45.07 0.0035367 27.945 0.89179 1.4766
-50.15 0.0035505 28.203 0.89148 1.4766
-55.22 0.0034499 28.914 0.89173 1.4688
-59.97 0.0035329 28.453 0.89148 1.4766
-64.87 0.0037675 26.32 0.89118 1.4766
-69.8 0.003664 27.539 0.89106 1.4766
-74.74 0.0039106 26.094 0.8913 1.4766
-79.72 0.003686 27.563 0.89161 1.4766
-84.89 0.0039077 25.641 0.89209 1.4688
-90.13 0.0034032 29.477 0.89185 1.4688
269.87 0.0031538 31.438 0.89148 1.4766
264.87 -0.00095749 118.19 0.89167 1.4766
260.09 -0.0019426 136.65 0.89173 1.4844
254.93 -0.0020147 138.34 0.89185 1.4766
249.97 -0.0020681 139.2 0.89222 1.4688
244.87 -0.002326 141.79 0.8924 1.4688
239.88 -0.0024481 143.67 0.89234 1.4688
235.2 -0.0026894 146.54 0.89228 1.4688
230.31 -0.0023761 143.31 0.89234 1.4688
224.9 -0.002739 146.66 0.89191 1.4688
220.2 -0.0029197 147.93 0.89142 1.4766
215.38 -0.0027595 147.08 0.89161 1.4766
210.34 -0.0029445 148.21 0.89179 1.4688
204.93 -0.0027251 147.01 0.89142 1.4766
199.85 -0.0032592 150.59 0.8913 1.4766
194.78 -0.0031858 150.16 0.89081 1.4922
189.74 -0.0036197 152.64 0.89069 1.4844
185.55 -0.0036407 153.41 0.89026 1.4922
180.42 -0.003736 153.76 0.89032 1.4844
175.29 -0.0039254 154.73 0.89032 1.4844
170.04 -0.0037341 153.98 0.8902 1.4844
164.9 0.0025239 37.735 0.88971 1.4766
159.9 0.0025873 36.641 0.88953 1.4844
154.72 0.002522 37.594 0.88959 1.4766
149.48 0.0026479 36.352 0.88941 1.4766
145.5 0.0029021 33.649 0.88959 1.4766
139.55 0.0028725 33.672 0.88984 1.4688
135.97 0.0028229 34.469 0.88965 1.4688
129.44 0.0033279 29.969 0.88965 1.4688
124.62 0.0028115 35.117 0.88947 1.4766
119.7 0.0030313 32.563 0.89063 1.4688
115.42 0.002872 34.367 0.8902 1.4766
109.55 0.0028815 34.578 0.8902 1.4766
104.54 0.0030012 32.93 0.88996 1.4766
100.45 0.0028153 35.219 0.88996 1.4766
95.51 0.0031881 31.524 0.8899 1.4844
90.32 0.0029807 33 0.89008 1.4766
84.52 -0.0014124 127.23 0.89002 1.4844
80.48 -0.0022679 140.89 0.89045 1.4766
74.49 -0.0023542 141.96 0.89008 1.4844
69.54 -0.0025053 144.04 0.89026 1.4766
64.56 -0.002584 145.3 0.89032 1.4688
59.58 -0.0025888 144.93 0.89057 1.4688
54.58 -0.0026393 145.1 0.8899 1.4688
49.57 -0.00283 147.26 0.89002 1.4766
45.94 -0.0028844 147.72 0.88984 1.4766
39.82 -0.0027547 146.66 0.88965 1.4766
34.86 -0.0030718 148.52 0.88898 1.4922
30.02 -0.0034843 151.09 0.888 1.5078
25.11 -0.0034971 151.53 0.88831 1.5
20.19 -0.0030699 148.98 0.88874 1.4922
15.34 -0.003459 151.84 0.88886 1.4922
10.3 -0.003685 152.41 0.88819 1.5
5.33 -0.003325 150.69 0.88813 1.5
0.42 -0.003592 152.59 0.88898 1.4844
-4.52 -0.0035882 153.06 0.88868 1.4766
-9.57 -0.0032525 151.3 0.88862 1.4844
-14.52 0.0023351 38.797 0.88855 1.4766
-19.73 0.0024824 38.024 0.88819 1.4766
-25.48 0.0024228 39.992 0.88758 1.4922
-29.58 0.0024362 39.742 0.88752 1.4922
-35.46 0.0022946 40.828 0.88764 1.4922
-39.57 0.0021558 43.547 0.88758 1.4844
-45.07 0.0025292 37.672 0.8877 1.4766
-50.15 0.0024638 38.446 0.88794 1.4688
-55.22 0.0023756 40.141 0.88752 1.4844
-59.97 0.0027418 35.867 0.88739 1.4844
-64.87 0.0027309 35.258 0.88746 1.4844
-69.8 0.0026813 35.938 0.8877 1.4766
-74.74 0.0027352 35.922 0.88733 1.4766
-79.72 0.0030441 32.313 0.88752 1.4688
-84.89 0.0029698 33.672 0.88721 1.4844
-90.13 0.002687 36.196 0.88746 1.4766
