Alpha(50mT) X DEG X DEG
269.87 0.00060559 11.961 0.90729 1.3594
264.87 0.00080252 9.1641 0.90674 1.3594
260.09 0.0008607 7.8594 0.90638 1.3672
254.93 0.00138 4.5 0.90583 1.3672
249.97 0.0012884 7.3516 0.90583 1.3672
244.87 0.0017181 3.5859 0.90589 1.3672
239.88 0.0017266 4.5078 0.90558 1.3672
235.2 0.0022988 2.8125 0.90577 1.3672
230.31 0.0024762 2.9688 0.90589 1.3594
224.9 0.0026145 2.8281 0.9054 1.3672
220.2 0.0026288 3.7188 0.90497 1.375
215.38 0.0028219 3.6406 0.90491 1.3672
210.34 0.0030332 2.6094 0.90558 1.3672
204.93 0.0028463 2.6016 0.90558 1.3672
199.85 0.0031309 2.8125 0.90546 1.3672
194.78 0.0032935 2.4766 0.90583 1.3594
189.74 0.0031886 2.3438 0.90546 1.3672
185.55 0.0032449 2.5547 0.90552 1.3672
180.42 0.0033732 2.6094 0.90589 1.3672
175.29 0.0031033 3.1719 0.90631 1.3438
170.04 0.0032449 2.5703 0.90619 1.3594
164.9 0.0026736 2.5313 0.90692 1.3672
159.9 0.002307 3.5156 0.9079 1.3672
154.72 0.0020328 3.5781 0.90815 1.3594
149.48 0.0016761 4.3985 0.90809 1.3594
145.5 0.0014062 5.2891 0.90827 1.3672
139.55 0.0010314 7.2266 0.9087 1.3594
135.97 0.00080395 7.4453 0.90863 1.3594
129.44 0.00047827 13.649 0.90845 1.3672
124.62 0.00014687 33.453 0.90809 1.3672
119.7 -0.00025606 157.01 0.9087 1.3594
115.42 -0.00057459 169.77 0.90839 1.3594
109.55 -0.0010247 176.12 0.90796 1.3672
104.54 -0.0013161 177.08 0.90821 1.3672
100.45 -0.0016289 177.59 0.90827 1.3672
95.51 -0.0020661 177.47 0.90851 1.3672
90.32 -0.0024123 178.51 0.90833 1.3672
84.52 -0.0024891 178.73 0.90778 1.3672
80.48 -0.0022202 177.93 0.90705 1.3672
74.49 -0.0021763 178.34 0.90692 1.3672
69.54 -0.0018349 178.79 0.90699 1.3594
64.56 -0.0017948 178.41 0.90699 1.3594
59.58 -0.001596 177.67 0.90699 1.3516
54.58 -0.0016475 178.4 0.90699 1.3672
49.57 -0.0016322 177.54 0.90674 1.3672
45.94 -0.0013638 177.7 0.90699 1.3672
39.82 -0.0010643 176.02 0.90699 1.3672
34.86 -0.0011382 175.07 0.90705 1.3672
30.02 -0.00037241 175.4 0.90692 1.3672
25.11 -0.0002861 165.02 0.90735 1.3594
20.19 0.00015354 31.008 0.90729 1.3594
15.34 0.00053549 9.2032 0.90735 1.3672
10.3 0.00086022 5.8672 0.90717 1.3672
5.33 0.00098754 6.5313 0.90711 1.3672
0.42 0.0011525 6.2969 0.90699 1.375
-4.52 0.0017686 3.75 0.90692 1.375
-9.57 0.0021939 2.4375 0.90705 1.375
-14.52 0.0018177 3.6406 0.9079 1.375
-19.73 0.001719 4.2032 0.90876 1.375
-25.48 0.0017719 3.5781 0.90888 1.375
-29.58 0.0016236 3.2266 0.9087 1.375
-35.46 0.0014019 4.9766 0.90857 1.375
-39.57 0.0014382 3.1719 0.909 1.375
-45.07 0.00089455 5.3203 0.9087 1.3828
-50.15 0.00081253 6.8594 0.90888 1.3828
-55.22 0.00087452 5.4844 0.9087 1.3828
-59.97 0.00085783 5.0625 0.90882 1.3828
-64.87 0.00084258 7.0469 0.90894 1.3828
-69.8 0.00095225 5.2735 0.90863 1.3828
-74.74 0.00090313 4.5078 0.9087 1.3828
-79.72 0.00051594 9.6173 0.90876 1.3828
-84.89 0.00040674 11.633 0.90839 1.3828
-90.13 0.00010729 42.914 0.90845 1.3906
269.87 0.00022173 25.844 0.90833 1.3828
264.87 0.00038386 15.078 0.9079 1.375
260.09 0.00078297 6.0782 0.90705 1.375
254.93 0.0010242 5.4453 0.90692 1.375
249.97 0.0012951 2.2969 0.90705 1.375
244.87 0.0015726 2.8203 0.90705 1.375
239.88 0.0014958 4.1875 0.90692 1.3906
235.2 0.0018959 2.4141 0.90686 1.3906
230.31 0.0019298 2.9219 0.90692 1.3906
224.9 0.0023556 2.5078 0.90699 1.3828
220.2 0.0024719 2.9453 0.90711 1.375
215.38 0.0027876 2.0625 0.90705 1.3828
210.34 0.0031219 2.6719 0.90692 1.3906
204.93 0.0033341 2.7813 0.90662 1.3906
199.85 0.0035911 2.1797 0.90656 1.3906
194.78 0.0036392 2.3672 0.90674 1.3906
189.74 0.0036874 2.6016 0.90662 1.3906
185.55 0.0041819 1.7031 0.90741 1.3906
180.42 0.0038352 2.3047 0.90723 1.3906
175.29 0.0038028 2.3984 0.90717 1.3906
170.04 0.0039225 2.7891 0.90692 1.3984
164.9 0.0033679 2.9453 0.90772 1.3984
159.9 0.0031862 2.7656 0.90851 1.3906
154.72 0.0030132 2.7344 0.90906 1.3906
149.48 0.0025902 3.4141 0.90937 1.3906
145.5 0.0023952 3.9922 0.90876 1.4141
139.55 0.0025005 3.9531 0.90925 1.3984
135.97 0.0025215 3.5859 0.90912 1.3984
129.44 0.0024953 3.0938 0.90937 1.3906
124.62 0.002306 3.3984 0.909 1.3984
119.7 0.0024038 4.25 0.90943 1.3984
115.42 0.00248 3.1328 0.90906 1.4141
109.55 0.0021548 3.7344 0.90925 1.4063
104.54 0.0019159 5.0078 0.90931 1.3984
100.45 0.0018549 4.6016 0.90925 1.4063
95.51 0.0018311 4.3828 0.90967 1.3984
90.32 0.0016742 4.9141 0.90918 1.4063
84.52 0.0014372 6.1797 0.90882 1.3984
80.48 0.0018768 4.086 0.90802 1.3984
74.49 0.0019765 4.0313 0.90802 1.3984
69.54 0.0020232 4.961 0.90796 1.3984
64.56 0.0026865 2.9141 0.90802 1.3984
59.58 0.0026932 3.7578 0.90802 1.3984
54.58 0.0027704 4.0547 0.90821 1.3906
49.57 0.0031791 2.9844 0.90827 1.3906
45.94 0.0035315 2.1719 0.90833 1.3984
39.82 0.0035281 2.8906 0.90845 1.3984
34.86 0.0038471 2.6797 0.90827 1.3906
30.02 0.0039492 2.4844 0.90857 1.3906
25.11 0.0040241 2.8672 0.90845 1.3984
20.19 0.0042916 2.7891 0.9087 1.3984
15.34 0.0044985 2.625 0.90863 1.4063
10.3 0.0047302 2.4453 0.90863 1.4063
5.33 0.0048819 2.4766 0.90876 1.4063
0.42 0.0048185 2.6563 0.90888 1.4063
-4.52 0.0051222 2.3516 0.90839 1.4063
-9.57 0.0052562 2.3359 0.90845 1.4063
-14.52 0.0046525 2.7266 0.90925 1.4063
-19.73 0.0045161 2.3047 0.9101 1.4063
-25.48 0.0043164 2.7578 0.91022 1.4063
-29.58 0.004148 3.0156 0.91022 1.4063
-35.46 0.0041833 2.8828 0.91016 1.4141
-39.57 0.0041523 2.8984 0.91028 1.4063
-45.07 0.0039411 3.0547 0.91028 1.4063
-50.15 0.0039191 2.9609 0.91028 1.4063
-55.22 0.0038009 3.1875 0.91059 1.4063
-59.97 0.0036368 2.9688 0.91034 1.4063
-64.87 0.0033555 3.6953 0.9101 1.4141
-69.8 0.0032406 3.5469 0.90986 1.4141
-74.74 0.0032182 2.9766 0.90998 1.4219
-79.72 0.0029545 3.7422 0.90998 1.4219
-84.89 0.0027623 3.3828 0.9101 1.4141
-90.13 0.002491 3.7734 0.91028 1.4141
269.87 0.00241 4.2657 0.90998 1.4219
264.87 0.0024719 4.3125 0.90979 1.4141
260.09 0.0027218 3.8438 0.90925 1.4219
254.93 0.0029998 3.6172 0.909 1.4141
249.97 0.0031114 3.8516 0.90876 1.4141
244.87 0.0032649 3.7188 0.90882 1.4141
239.88 0.0035186 3.2109 0.909 1.4141
235.2 0.0036297 3.2109 0.90857 1.4219
230.31 0.0038233 3.1719 0.90851 1.4219
224.9 0.0042415 3.125 0.90851 1.4219
220.2 0.0042701 2.9297 0.90894 1.4063
215.38 0.0046506 2.5313 0.90882 1.4141
210.34 0.0046091 3.1328 0.90925 1.4063
204.93 0.0047312 2.9766 0.90894 1.4141
199.85 0.0048495 2.9141 0.90863 1.4219
194.78 0.0050178 2.6328 0.9087 1.4063
189.74 0.0051713 2.9766 0.90851 1.4141
185.55 0.0053225 2.8125 0.90845 1.4141
180.42 0.005424 2.7656 0.90851 1.4141
175.29 0.0055218 2.7891 0.90857 1.4141
170.04 0.0057554 2.5625 0.90851 1.4219
164.9 0.0055018 2.3516 0.90992 1.4141
159.9 0.005343 2.6328 0.91046 1.4141
154.72 0.005209 2.8906 0.9104 1.4141
149.48 0.0049234 2.8359 0.91071 1.4141
145.5 0.0049296 3.0469 0.91053 1.4141
139.55 0.0047012 3.1172 0.91034 1.4219
135.97 0.0045972 3.0781 0.91034 1.4219
129.44 0.004282 3.0703 0.90992 1.4219
124.62 0.0041013 3.3359 0.91022 1.4219
119.7 0.0040713 2.9922 0.91071 1.4141
115.42 0.0037899 3.0938 0.91028 1.4141
109.55 0.003736 3.2969 0.91046 1.4141
104.54 0.0035925 3.4375 0.9104 1.4219
100.45 0.0035935 2.9766 0.91016 1.4219
95.51 0.0033846 3.2734 0.9101 1.4141
90.32 0.0029679 4.4844 0.91034 1.4141
84.52 0.0029845 3.875 0.90973 1.4219
80.48 0.0030499 4.1563 0.90894 1.4219
74.49 0.0032811 4.211 0.90857 1.4219
69.54 0.0035844 3.8203 0.90863 1.4219
64.56 0.0035811 3.7109 0.90863 1.4219
59.58 0.0038304 3.6484 0.90863 1.4219
54.58 0.0041671 3.1094 0.90894 1.4219
49.57 0.0041972 3.1797 0.90882 1.4219
45.94 0.0042868 3.1797 0.9087 1.4219
39.82 0.0046187 3.0313 0.9087 1.4219
34.86 0.0047627 3.1016 0.90845 1.4297
30.02 0.0048929 3.1953 0.90876 1.4219
25.11 0.0051551 3.1094 0.9087 1.4219
20.19 0.0054379 2.9219 0.909 1.4219
15.34 0.0055251 2.8906 0.90882 1.4297
10.3 0.0057764 2.8125 0.909 1.4219
5.33 0.0060673 2.8203 0.90925 1.4219
0.42 0.0063548 2.7109 0.90912 1.4219
-4.52 0.0061803 2.8594 0.90925 1.4297
-9.57 0.0066252 2.6094 0.90937 1.4219
-14.52 0.0061121 2.8672 0.90986 1.4219
-19.73 0.0058108 2.8125 0.91059 1.4297
-25.48 0.0056711 3.0938 0.91059 1.4219
-29.58 0.0054736 2.9688 0.91059 1.4297
-35.46 0.0053621 3.1172 0.91077 1.4219
-39.57 0.00522 2.9063 0.91095 1.4219
-45.07 0.0051117 3.1328 0.91071 1.4219
-50.15 0.0049096 3.0156 0.91071 1.4219
-55.22 0.0047302 3.1875 0.91071 1.4219
-59.97 0.0044933 3.3672 0.91083 1.4219
-64.87 0.0041566 3.8516 0.91065 1.4219
-69.8 0.0040126 3.7188 0.91071 1.4219
-74.74 0.0038285 4.0782 0.91095 1.4141
-79.72 0.0035238 4.7266 0.91102 1.4063
-84.89 0.0034628 4.4453 0.91102 1.4063
-90.13 0.0033112 4.2969 0.91089 1.4219
269.87 0.003243 4.5 0.91108 1.4141
264.87 0.0033584 4.5 0.91065 1.4141
260.09 0.0035701 4.3907 0.90979 1.4219
254.93 0.0035572 4.625 0.90979 1.4219
249.97 0.0035763 4.6953 0.90986 1.4141
244.87 0.0037255 4.7266 0.90961 1.4141
239.88 0.0039845 4.1094 0.90931 1.4219
235.2 0.0042558 3.7188 0.90925 1.4219
230.31 0.0044389 3.9688 0.90925 1.4219
224.9 0.004756 3.8203 0.90961 1.4141
220.2 0.0049739 3.7734 0.90949 1.4141
215.38 0.0052653 3.5078 0.90937 1.4219
210.34 0.0053349 3.4844 0.90937 1.4297
204.93 0.0053788 3.7109 0.90961 1.4219
199.85 0.0056038 3.2813 0.90961 1.4219
194.78 0.0055957 3.5703 0.90955 1.4219
189.74 0.0057011 3.6484 0.90937 1.4219
185.55 0.0057268 3.3672 0.909 1.4297
180.42 0.0060568 3.4609 0.90937 1.4219
175.29 0.0063362 3.2578 0.90967 1.4219
170.04 0.006362 3.1641 0.90998 1.4219
164.9 0.0060668 3.4531 0.91065 1.4297
159.9 0.0060025 3.3594 0.91169 1.4219
154.72 0.0058055 3.7266 0.9112 1.4219
149.48 0.0055952 3.7188 0.9112 1.4297
145.5 0.0054636 3.5781 0.91089 1.4297
139.55 0.0054379 3.6641 0.91083 1.4375
135.97 0.0052696 3.6719 0.9112 1.4219
129.44 0.0050588 3.5938 0.91114 1.4219
124.62 0.0047283 3.8906 0.91144 1.4219
119.7 0.0046788 3.9375 0.91108 1.4375
115.42 0.004664 3.6797 0.91095 1.4297
109.55 0.0043526 4.1719 0.9112 1.4219
104.54 0.0040746 3.9922 0.91083 1.4297
100.45 0.0038386 4.6875 0.91095 1.4297
95.51 0.0037193 4.7422 0.91126 1.4219
90.32 0.0034733 5.0703 0.91126 1.4219
84.52 0.003089 5.5 0.91071 1.4219
80.48 0.0033283 5.375 0.90986 1.4297
74.49 0.0036445 5.1797 0.91016 1.4219
69.54 0.0037589 4.9532 0.91022 1.4219
64.56 0.0037599 5.1641 0.9101 1.4297
59.58 0.0040784 5.1797 0.9101 1.4297
54.58 0.0043912 4.8907 0.91016 1.4297
49.57 0.0046978 4.2032 0.9101 1.4219
45.94 0.0047565 4.5703 0.91022 1.4219
39.82 0.0050802 4.4141 0.90979 1.4375
34.86 0.0053754 3.7656 0.90986 1.4375
30.02 0.0054827 4.0547 0.91028 1.4219
25.11 0.0053754 4.1797 0.91004 1.4219
20.19 0.0056253 3.8516 0.91016 1.4219
15.34 0.0055147 3.8906 0.90992 1.4219
10.3 0.005529 3.8906 0.9104 1.4219
5.33 0.0058475 3.7969 0.91071 1.4219
0.42 0.0059877 3.7969 0.9101 1.4219
-4.52 0.0062561 3.4531 0.91034 1.4219
-9.57 0.0064636 3.6641 0.91059 1.4219
-14.52 0.0061584 3.5391 0.91077 1.4219
-19.73 0.0060425 3.5625 0.91169 1.4297
-25.48 0.0058823 3.9688 0.9115 1.4375
-29.58 0.0056968 4 0.91187 1.4297
-35.46 0.0056548 4.0078 0.91175 1.4297
-39.57 0.0053578 4.336 0.91175 1.4375
-45.07 0.0053349 4.1328 0.91199 1.4297
-50.15 0.0052014 4.1641 0.91175 1.4297
-55.22 0.0050292 4.2032 0.91156 1.4375
-59.97 0.0048876 4.3438 0.91181 1.4375
-64.87 0.0046749 4.7735 0.91181 1.4375
-69.8 0.0047503 4.3203 0.91217 1.4375
-74.74 0.0045443 4.7032 0.91242 1.4375
-79.72 0.0043035 4.8594 0.91224 1.4375
-84.89 0.00417 5.1094 0.91242 1.4297
-90.13 0.0038996 5.2032 0.91224 1.4297
269.87 0.0040045 5.2578 0.91236 1.4375
264.87 0.0038853 5.3985 0.91163 1.4375
260.09 0.0042649 5.1485 0.91126 1.4375
254.93 0.0043383 4.7969 0.91102 1.4375
249.97 0.0044203 5.0938 0.9112 1.4375
244.87 0.0048051 4.8516 0.91132 1.4375
239.88 0.0050679 4.8047 0.91181 1.4375
235.2 0.0052615 4.4375 0.91199 1.4375
230.31 0.005446 4.3047 0.91193 1.4375
224.9 0.0056315 4.1719 0.91193 1.4375
220.2 0.0056367 4.3907 0.9115 1.4453
215.38 0.0057626 4.4141 0.91126 1.4453
210.34 0.0060878 4.2657 0.91181 1.4375
204.93 0.0063858 4.0078 0.9115 1.4375
199.85 0.0064392 4.0391 0.91181 1.4297
194.78 0.0067649 3.9141 0.91193 1.4375
189.74 0.0070658 3.8828 0.91211 1.4297
185.55 0.0072141 3.7734 0.91236 1.4219
180.42 0.0073929 3.7578 0.91242 1.4297
175.29 0.0075751 3.5625 0.91248 1.4297
170.04 0.0075555 3.7109 0.91224 1.4375
164.9 0.0073867 3.7656 0.91297 1.4297
159.9 0.0070505 4.0313 0.91388 1.4297
154.72 0.0071264 3.6328 0.91376 1.4375
149.48 0.0068941 3.9531 0.91394 1.4297
145.5 0.0067215 4.2266 0.91413 1.4375
139.55 0.0065585 4.2578 0.9137 1.4375
135.97 0.0063949 4.211 0.91346 1.4375
129.44 0.006042 4.5157 0.91364 1.4375
124.62 0.0060835 4.3438 0.91376 1.4375
119.7 0.0059376 4.5703 0.91382 1.4297
115.42 0.0056544 4.7657 0.9137 1.4453
109.55 0.0054555 4.7422 0.91382 1.4375
104.54 0.0054126 4.8282 0.91382 1.4453
100.45 0.0053435 4.7578 0.91394 1.4297
95.51 0.0049739 5.3047 0.91407 1.4297
90.32 0.0049215 5.2735 0.91388 1.4297
84.52 0.0047808 5.5078 0.9137 1.4297
80.48 0.004931 5.2188 0.91309 1.4375
74.49 0.0051441 5.2422 0.91248 1.4453
69.54 0.0052443 5.086 0.91254 1.4453
64.56 0.0052943 4.9688 0.9126 1.4453
59.58 0.0055304 4.7266 0.9126 1.4375
54.58 0.0056052 4.7891 0.91199 1.4453
49.57 0.0057412 4.6563 0.9123 1.4375
45.94 0.0058442 4.5547 0.91217 1.4375
39.82 0.0061331 4.4063 0.91217 1.4375
34.86 0.0061488 4.461 0.91175 1.4375
30.02 0.0063825 4.211 0.91181 1.4375
25.11 0.0063381 4.3907 0.91144 1.4375
20.19 0.006763 4.1094 0.91169 1.4297
15.34 0.0069309 3.8516 0.91199 1.4219
10.3 0.0070601 3.8125 0.91163 1.4297
5.33 0.0072098 3.7969 0.91144 1.4297
0.42 0.0074001 3.8203 0.9112 1.4375
-4.52 0.007462 3.7734 0.91102 1.4375
-9.57 0.0076299 3.7266 0.91077 1.4375
-14.52 0.0072422 3.9141 0.91132 1.4453
-19.73 0.0070105 4.0625 0.91242 1.4375
-25.48 0.0068899 3.8828 0.91224 1.4375
-29.58 0.0066414 4.211 0.91217 1.4375
-35.46 0.0066552 3.9844 0.91248 1.4375
-39.57 0.0063958 4.4219 0.91242 1.4453
-45.07 0.0063668 4.5157 0.91248 1.4453
-50.15 0.006156 4.5391 0.91217 1.4453
-55.22 0.0058775 4.6328 0.91248 1.4453
-59.97 0.0058208 4.6485 0.9123 1.4453
-64.87 0.0056205 5.0391 0.91254 1.4453
-69.8 0.0054126 5.2422 0.91272 1.4453
-74.74 0.0051861 5.0235 0.9126 1.4453
-79.72 0.0051647 5.0313 0.91272 1.4453
-84.89 0.0049644 5.2891 0.91236 1.4453
-90.13 0.0046206 5.5 0.91224 1.4453
