0.33 0.81134 0.32031 -0.00057269 -103.13
4.95 0.81153 0.4375 -4.3392E-5 -90.829
10.74 0.81122 0.30469 -0.0011125 -116.73
15.51 0.81147 0.25 -0.001421 -122.08
20.33 0.81128 0.3125 -0.0013824 -120.4
25.03 0.81116 0.375 -0.0012007 -121.63
29.88 0.81153 0.41406 -0.0019007 -128.1
35.78 0.81141 0.40625 -0.0015249 -124.95
40.62 0.81177 0.40625 -0.0017505 -124.39
45.24 0.81159 0.46094 -0.0015464 -124.73
50.19 0.81202 0.61719 -0.002234 -133.1
55.1 0.81165 0.60938 -0.0023074 -136.55
59.87 0.81165 0.53907 -0.0014711 -122.75
65.74 0.81177 0.46875 -0.0022063 -134.63
70.61 0.81189 0.45313 -0.0022287 -133.99
75.67 0.81183 0.46875 -0.0017352 -125.98
80.63 0.81177 0.48438 -0.001523 -120.48
84.84 0.8122 0.41406 -0.00073243 -106.49
90.17 0.81214 0.40625 -0.0008688 -109.54
95.43 0.81208 0.35938 -0.00086308 -109.09
100.55 0.81195 0.35156 9.5845E-5 -87.883
105.52 0.81214 0.28906 0.00046873 -78.313
110.74 0.81195 0.35156 0.0002923 -83.876
115.67 0.81177 0.25781 0.0011454 -65.696
120.83 0.81214 0.30469 0.0018544 -59.211
124.87 0.81238 0.28125 0.0015864 -60.469
129.94 0.81226 0.22656 0.0016952 -61.492
134.97 0.8122 0.16406 0.0017257 -59.446
140.15 0.81177 0.046875 0.0011077 -68.594
145.31 0.81183 0.078126 0.0011129 -70.305
150.33 0.8122 0.03125 0.00082875 -73.93
155.35 0.81122 0.023438 0.0015073 -62.328
160.41 0.81141 0.16406 0.0011129 -69.54
165.43 0.81134 0.1875 0.00054884 -80.04
170.55 0.8111 0.30469 0.0010033 -68.751
175.58 0.81073 0.375 0.0006609 -73.43
180.67 0.81012 0.38281 0.00043392 -78.891
185.75 0.81031 0.39063 0.00039149 -81.344
189.81 0.81031 0.40625 0.00046826 -79.102
195.65 0.81055 0.38281 -0.00040007 -100.16
200.44 0.81049 0.38281 -0.00084877 -109.95
205.23 0.81 0.49219 -0.00074149 -109.1
210.07 0.80982 0.39063 -0.00071812 -110.68
215.02 0.81006 0.51563 -0.0014386 -125.59
220.8 0.81012 0.35938 -0.0014219 -127.47
225.5 0.80939 0.46094 -0.0015354 -130.46
230.33 0.80957 0.53907 -0.0020499 -136.17
235.29 0.80957 0.57032 -0.0015607 -125.16
240.1 0.80915 0.78125 -0.0013866 -122.64
244.97 0.80921 0.71875 -0.0015245 -125.98
249.86 0.80927 0.64063 -0.0013385 -122.53
254.93 0.8086 0.51563 -0.0017824 -132.48
259.85 0.80884 0.60157 -0.0016537 -125.27
265.19 0.80884 0.38281 -0.0010023 -115.9
270.38 0.80927 0.36719 -0.0009327 -110.5
275.55 0.80872 0.52344 3.4332E-5 -89.68
280.55 0.80927 0.3125 -0.00055218 -104.42
285.57 0.80902 0.26563 0.00038624 -79.516
290.77 0.80902 0.32813 0.00029087 -82.766
295.75 0.80915 0.30469 0.00025702 -84.188
299.81 0.80896 0.28125 0.00089026 -71.415
304.92 0.80915 0.10938 0.00088358 -66.813
310 0.8089 0.23438 0.00084401 -71.399
315.24 0.80854 0.14844 0.00079823 -75.391
320.32 0.80902 0.15625 0.00062704 -77.469
325.41 0.80902 0.20313 0.00045204 -80.93
330.43 0.80921 0.13281 0.0004282 -79.469
335.31 0.80878 0.20313 0.00026036 -84.399
340.56 0.80866 0.22656 0.00085926 -73.438
345.36 0.80817 0.24219 0.00067139 -74.579
350.51 0.80744 0.28125 0.00019026 -85.696
355.65 0.80726 0.28906 0.00060988 -76.399
360.33 0.80726 0.32813 -0.00033522 -97.313
0.33 0.80707 0.39844 -0.00051022 -102.56
4.95 0.8075 0.40625 -0.00014544 -93.102
10.74 0.80719 0.375 -0.00073576 -108.7
15.51 0.80756 0.44531 -0.0016461 -127.9
20.33 0.80713 0.625 -0.0014577 -123.12
25.03 0.80695 0.5 -0.0017395 -128.83
29.88 0.80677 0.46094 -0.00208 -137.24
35.78 0.80695 0.49219 -0.0019741 -130.31
40.62 0.80719 0.55469 -0.0022874 -133.79
45.24 0.80695 0.64063 -0.0019241 -133.22
50.19 0.80695 0.54688 -0.0019283 -130.02
55.1 0.80713 0.67188 -0.0015874 -125.79
59.87 0.80646 0.66407 -0.0021787 -137.23
65.74 0.80671 0.67188 -0.0015392 -124.23
70.61 0.80683 0.46875 -0.0017047 -125.57
75.67 0.8064 0.57032 -0.0017071 -125.24
80.63 0.80628 0.40625 -0.00212 -130.7
84.84 0.80646 0.46875 -0.0012822 -118.46
90.17 0.80634 0.40625 -0.00086976 -107.15
95.43 0.8061 0.40625 -0.00031758 -98.133
100.55 0.80603 0.48438 0.00060177 -77.821
105.52 0.80542 0.39063 0.00048495 -79.626
110.74 0.80555 0.67188 0.00063515 -76.915
115.67 0.80603 0.39063 0.00069619 -76.172
120.83 0.8061 0.47656 0.0011525 -68.735
124.87 0.80652 0.33594 0.0009656 -71.188
129.94 0.80652 0.22656 0.00096655 -70.961
134.97 0.80603 0.085938 0.00082732 -73.376
140.15 0.8053 0.16406 0.0015988 -59.289
145.31 0.80536 0.10156 0.0009389 -70.993
150.33 0.805 -0.0078126 0.0010629 -68.672
155.35 0.80457 0.10156 0.0010314 -71.086
160.41 0.80408 0.21094 0.001019 -69.54
165.43 0.80426 0.30469 0.0012565 -63.867
170.55 0.80414 0.23438 0.0010696 -66.446
175.58 0.80353 0.3125 0.00028897 -83.313
180.67 0.80292 0.29688 0.00032997 -82.469
185.75 0.8028 0.46094 0.00021267 -85.86
189.81 0.80292 0.51563 -0.00032616 -99.016
195.65 0.80286 0.39844 -0.00044871 -101.55
200.44 0.8031 0.45313 -0.00076819 -110.6
205.23 0.8031 0.49219 -0.00079012 -109.37
210.07 0.80249 0.5 -0.00083685 -111.92
215.02 0.80292 0.60938 -0.0012155 -121.77
220.8 0.80286 0.61719 -0.0012851 -122.02
225.5 0.80274 0.50782 -0.0016942 -132.16
230.33 0.80274 0.64063 -0.001472 -128.16
235.29 0.80243 0.5625 -0.0013003 -128.31
240.1 0.80225 0.61719 -0.0014253 -122.77
244.97 0.80274 0.65625 -0.0015178 -125.73
249.86 0.80256 0.53907 -0.0013194 -124.17
254.93 0.80243 0.51563 -0.001492 -126.06
259.85 0.8028 0.61719 -0.0014644 -120.38
265.19 0.80243 0.64063 -0.0010138 -115.59
270.38 0.80262 0.53907 -0.00058794 -105.22
275.55 0.8028 0.61719 -0.0002079 -95.383
280.55 0.8028 0.38281 -7.1526E-5 -91.297
285.57 0.80237 0.30469 0.00014639 -85.618
290.77 0.80256 0.46094 0.00044728 -80.891
295.75 0.80268 0.46094 0.0006423 -77.227
299.81 0.80316 0.375 0.000453 -80.719
304.92 0.80225 0.20313 0.00043488 -79.094
310 0.80237 0.29688 0.00038815 -80.258
315.24 0.80188 0.20313 0.00048685 -79.219
320.32 0.80201 0.28125 0.00062991 -76.235
325.41 0.80182 0.17969 0.00052691 -78.618
330.43 0.80176 0.25781 0.00085593 -70.469
335.31 0.8017 0.093751 0.00030899 -84.141
340.56 0.80164 0.24219 9.1076E-5 -87.29
345.36 0.80133 0.19531 0.00060559 -76.086
350.51 0.80139 0.32031 0.00010395 -87.977
355.65 0.80146 0.6875 0.00020027 -85.282
360.33 0.80139 0.33594 -0.00025463 -95.797
0.33 0.80103 0.44531 -0.00020838 -94.672
4.95 0.80066 0.47656 -0.00068427 -105.77
10.74 0.80097 0.55469 -0.0010195 -113.98
15.51 0.80085 0.53907 -0.0012989 -121.68
20.33 0.80085 0.57813 -0.0018163 -129.44
25.03 0.80103 0.47656 -0.0014954 -126.65
29.88 0.80109 0.60157 -0.0024057 -140.13
35.78 0.80109 0.53907 -0.0020833 -134.78
40.62 0.80097 0.51563 -0.0019188 -133.51
45.24 0.80146 0.47656 -0.0017433 -130.32
50.19 0.80109 0.64063 -0.0022273 -137.56
55.1 0.80097 0.64063 -0.0020433 -133.94
59.87 0.80109 0.64063 -0.0020661 -137.09
65.74 0.80146 0.59375 -0.0016255 -123.92
70.61 0.80127 0.67188 -0.0020042 -131.27
75.67 0.80146 0.59375 -0.0021911 -136.84
80.63 0.8017 0.57813 -0.0018401 -127.98
84.84 0.80152 0.51563 -0.0013485 -120.63
90.17 0.80182 0.55469 -0.00091887 -112.02
95.43 0.80158 0.38281 -6.6758E-5 -91.118
100.55 0.80182 0.41406 -9.7275E-5 -91.93
105.52 0.80115 0.41406 -0.00017738 -92.805
110.74 0.80103 0.38281 0.00094939 -69.563
115.67 0.80146 0.42969 0.00086594 -69.321
120.83 0.80109 0.34375 0.0016489 -58.391
124.87 0.80103 0.46875 0.001195 -63.532
129.94 0.80115 0.22656 0.0011134 -67.704
134.97 0.80115 0.28125 0.0010438 -68.336
140.15 0.80097 0.1875 0.0013924 -63.321
145.31 0.80109 0.25 0.0014148 -63.344
150.33 0.80133 0.25 0.0010457 -70.313
155.35 0.80078 0.15625 0.0015845 -57.907
160.41 0.80036 0.32031 0.00087595 -72.469
165.43 0.8003 0.35938 0.00098325 -68.219
170.55 0.80011 0.28125 0.00083399 -71.711
175.58 0.79969 0.39063 0.00025177 -84.126
180.67 0.79944 0.53907 0.00044394 -78.665
185.75 0.79956 0.45313 -0.0001998 -96.454
189.81 0.79938 0.53125 0.00016165 -86.891
195.65 0.79877 0.78125 -0.00088644 -111.48
200.44 0.79883 0.625 -0.0011902 -117.3
205.23 0.79841 0.45313 -0.0013256 -119.05
210.07 0.79889 0.55469 -0.0013709 -131
215.02 0.79914 0.66407 -0.0017562 -128.37
220.8 0.79895 0.67188 -0.0014901 -128
225.5 0.79908 0.58594 -0.0010047 -119.95
230.33 0.79926 0.6875 -0.0014444 -124.72
235.29 0.7992 0.69532 -0.0014529 -124.28
240.1 0.79963 0.59375 -0.0011463 -121.23
244.97 0.79969 0.5625 -0.0013423 -121.09
249.86 0.7995 0.58594 -0.0018797 -134.29
254.93 0.79969 0.48438 -0.0012717 -124.04
259.85 0.79926 0.70313 -0.001451 -125.83
265.19 0.79956 0.52344 -0.0013247 -120.12
270.38 0.7995 0.46875 -0.0009594 -113.84
275.55 0.79969 0.67188 -0.00026226 -96.68
280.55 0.79932 0.71875 0.00010204 -87.907
285.57 0.79944 0.48438 2.0981E-5 -89.235
290.77 0.79914 0.32813 -0.0001297 -92.586
295.75 0.79932 0.39063 0.00059414 -76.188
299.81 0.79926 0.5 0.00083018 -72.071
304.92 0.7995 0.38281 0.00074339 -73.829
310 0.79883 0.29688 0.00032616 -82.047
315.24 0.79914 0.046875 0.00038433 -82.391
320.32 0.79969 0.19531 0.00092793 -69.961
325.41 0.79938 0.17969 0.00040674 -80.735
330.43 0.79895 0.16406 0.00031567 -84.149
335.31 0.79902 0.21094 0.0004983 -81.079
340.56 0.79865 0.20313 0.00015116 -86.993
345.36 0.79883 0.19531 -2.8134E-5 -90.711
350.51 0.79877 0.45313 0.00014258 -86.711
355.65 0.79853 0.4375 -0.00011301 -92.204
360.33 0.79895 0.46875 -0.00035095 -98.774
