##Alpha(50mT) X DEG X DEG
0.2 1.5259E-5 89.899 0.51099 -5.7188
5.01 0.00022888 88.61 0.51093 -5.7266
9.78 0.00046158 87.282 0.51111 -5.75
14.66 0.00054932 86.766 0.51123 -5.6797
20.55 0.00074006 85.586 0.51105 -5.8125
25.1 0.00082016 85.126 0.51123 -5.8438
29.95 0.00084305 85.04 0.5113 -5.6719
34.87 0.00082398 85.149 0.51123 -5.7188
40.29 0.00079727 85.251 0.5113 -5.6172
45.28 0.0007515 85.594 0.51148 -5.6719
49.72 0.00065995 86.149 0.5113 -5.7813
55.38 0.00054169 86.797 0.51123 -5.711
60.13 0.00038529 87.704 0.51117 -5.7422
64.95 0.00020218 88.797 0.51123 -5.7578
70.47 7.6295E-6 89.954 0.51117 -5.7969
75.53 -0.00026703 91.532 0.5113 -5.6953
80.51 -0.0004921 92.844 0.51123 -5.6953
85.78 -0.00080872 94.665 0.5113 -5.625
89.74 -0.00095749 95.547 0.51123 -5.5469
95.07 -0.0012322 97.071 0.51117 -5.5938
100.31 -0.001442 98.251 0.51117 -5.6172
105.56 -0.0015068 98.672 0.51105 -5.6172
109.76 -0.0016098 99.188 0.51099 -5.6172
115.28 -0.0016632 99.446 0.51111 -5.6407
120.24 -0.001667 99.469 0.51111 -5.7344
125.66 -0.0016747 99.501 0.51123 -5.6016
130.64 -0.0016708 99.555 0.51099 -5.625
134.96 -0.0016289 99.282 0.51105 -5.6407
139.98 -0.0015068 98.602 0.51117 -5.6641
145.04 -0.0014305 98.165 0.51123 -5.5625
150.13 -0.0013504 97.758 0.51099 -5.6485
155.11 -0.0012055 96.915 0.51099 -5.6485
160.13 -0.0010567 96.126 0.51099 -5.5469
165.31 -0.00080872 94.672 0.51093 -5.6875
170.46 -0.00065613 93.813 0.51099 -5.7422
175.41 -0.00030899 91.797 0.51117 -5.586
180.5 -3.8147E-5 90.188 0.51117 -5.6953
185.59 0.0001564 89.055 0.51123 -5.625
189.73 0.00040054 87.657 0.5113 -5.5703
195.59 0.00061035 86.352 0.51117 -5.7657
200.58 0.00073243 85.657 0.5113 -5.6485
204.76 0.00081253 85.243 0.51123 -5.7032
210.64 0.00087738 84.805 0.51123 -5.6641
215.29 0.00079727 85.227 0.51142 -5.5938
220 0.00080109 85.258 0.5113 -5.6875
225.07 0.00079346 85.29 0.5113 -5.6407
230.76 0.00069809 85.86 0.51136 -5.625
235.66 0.00055313 86.751 0.51148 -5.6172
240.44 0.00045777 87.313 0.5113 -5.6953
245.47 0.00028229 88.336 0.51142 -5.6875
250.29 0.00010681 89.329 0.5113 -5.6953
255.27 -0.00014877 90.844 0.51136 -5.6797
260.31 -0.00040436 92.36 0.51123 -5.7188
265.31 -0.00065232 93.758 0.5113 -5.6172
270.42 -0.00094223 95.407 0.51117 -5.6641
275.43 -0.0011673 96.672 0.51123 -5.6328
280.53 -0.0013046 97.508 0.51117 -5.7344
285.7 -0.0014572 98.36 0.51117 -5.7266
289.81 -0.0015602 98.836 0.5113 -5.5782
295.59 -0.0015412 98.782 0.5113 -5.625
299.91 -0.0015373 98.719 0.51117 -5.6719
304.84 -0.0015793 98.961 0.51117 -5.6407
309.79 -0.001564 98.852 0.5113 -5.5703
315.08 -0.0014763 98.407 0.51111 -5.6641
320.33 -0.0014496 98.321 0.51105 -5.6797
325.3 -0.0013695 97.797 0.51111 -5.6172
330.31 -0.0012207 97.008 0.51117 -5.6485
335.64 -0.0010719 96.118 0.51117 -5.6407
340.66 -0.00094605 95.352 0.51136 -5.5469
345.61 -0.00076294 94.383 0.51136 -5.625
350.69 -0.00050354 92.961 0.51117 -5.6641
354.75 -0.00029755 91.696 0.51123 -5.7032
360.21 1.5259E-5 89.883 0.5113 -5.6875
0.2 3.4332E-5 89.774 0.51136 -5.7188
5.01 0.00026322 88.469 0.51136 -5.6407
9.78 0.00046158 87.243 0.5113 -5.6407
14.66 0.00058365 86.501 0.51123 -5.6719
20.55 0.00076294 85.508 0.51136 -5.6719
25.1 0.00084305 85.016 0.51142 -5.6719
29.95 0.00082016 85.118 0.51154 -5.5391
34.87 0.00082779 85.141 0.51136 -5.6172
40.29 0.00081635 85.18 0.51142 -5.6953
45.28 0.00081635 85.18 0.51154 -5.6328
49.72 0.00064469 86.165 0.51148 -5.6719
55.38 0.00053788 86.829 0.51154 -5.6407
60.13 0.00042343 87.493 0.51154 -5.625
64.95 0.00021744 88.688 0.51148 -5.6641
70.47 -7.6295E-6 90.055 0.5116 -5.5938
75.53 -0.0002861 91.665 0.5116 -5.5938
80.51 -0.0005188 92.977 0.51148 -5.5938
85.78 -0.00083161 94.766 0.51154 -5.5938
89.74 -0.00098801 95.68 0.5116 -5.6094
95.07 -0.0011978 96.915 0.5113 -5.6641
100.31 -0.0014038 98.047 0.5113 -5.6407
105.56 -0.001503 98.571 0.51136 -5.5938
109.76 -0.0015869 99.032 0.51136 -5.6485
115.28 -0.0016365 99.266 0.51136 -5.5703
120.24 -0.0016785 99.477 0.51148 -5.6563
125.66 -0.0016708 99.485 0.51136 -5.586
130.64 -0.001606 99.165 0.5113 -5.75
134.96 -0.0015755 98.985 0.51123 -5.7422
139.98 -0.0015335 98.727 0.51148 -5.6094
145.04 -0.0014076 98.04 0.51142 -5.5625
150.13 -0.001339 97.672 0.5113 -5.6719
155.11 -0.0011521 96.579 0.5113 -5.6641
160.13 -0.00099564 95.711 0.51136 -5.625
165.31 -0.00080109 94.61 0.51136 -5.5938
170.46 -0.00056839 93.266 0.51136 -5.6875
175.41 -0.00029373 91.711 0.51123 -5.6953
180.5 1.1444E-5 89.915 0.5113 -5.7032
185.59 0.0002594 88.43 0.51148 -5.625
189.73 0.00042725 87.477 0.51154 -5.586
195.59 0.0006485 86.196 0.51148 -5.6797
200.58 0.0007515 85.547 0.51148 -5.7032
204.76 0.00077439 85.391 0.51154 -5.6875
210.64 0.00084687 85.047 0.5116 -5.6407
215.29 0.00092698 84.586 0.51166 -5.6407
220 0.00084687 84.938 0.5116 -5.6172
225.07 0.00078965 85.329 0.51154 -5.6953
230.76 0.00068283 86.055 0.51166 -5.5782
235.66 0.00057984 86.547 0.5116 -5.5625
240.44 0.00043106 87.438 0.51148 -5.6719
245.47 0.00026322 88.438 0.51154 -5.5625
250.29 0.000103 89.391 0.51154 -5.6485
255.27 -0.00015259 90.844 0.5116 -5.5625
260.31 -0.0003891 92.211 0.51154 -5.6328
265.31 -0.00064469 93.735 0.51148 -5.586
270.42 -0.0009079 95.18 0.51154 -5.6172
275.43 -0.0011635 96.618 0.51148 -5.6485
280.53 -0.0012741 97.227 0.51148 -5.6407
285.7 -0.001339 97.665 0.51136 -5.75
289.81 -0.0014 98.024 0.5113 -5.7735
295.59 -0.0015945 99.016 0.51142 -5.6328
299.91 -0.0015412 98.751 0.51148 -5.625
304.84 -0.0015335 98.711 0.51148 -5.6172
309.79 -0.0016022 99.079 0.51142 -5.5313
315.08 -0.0015221 98.633 0.51136 -5.625
320.33 -0.0014725 98.383 0.51142 -5.6172
325.3 -0.0013199 97.532 0.51123 -5.6563
330.31 -0.0012817 97.274 0.51148 -5.5313
335.64 -0.0010452 96.032 0.51136 -5.6641
340.66 -0.00093842 95.422 0.5113 -5.6407
345.61 -0.00074387 94.29 0.5113 -5.6641
350.69 -0.00051117 92.961 0.51123 -5.7657
354.75 -0.00030518 91.743 0.51148 -5.5782
360.21 6.1036E-5 89.602 0.51142 -5.6641
0.2 2.2888E-5 89.821 0.51136 -5.6094
5.01 0.00019836 88.821 0.51142 -5.6641
9.78 0.00044632 87.344 0.5113 -5.7266
14.66 0.00063324 86.204 0.51154 -5.6328
20.55 0.00078202 85.352 0.5116 -5.7422
25.1 0.00086594 84.938 0.51184 -5.5938
29.95 0.00091935 84.54 0.51154 -5.7266
34.87 0.00081635 85.126 0.51166 -5.5782
40.29 0.00079346 85.305 0.51172 -5.5938
45.28 0.0007782 85.43 0.51166 -5.6485
49.72 0.00068665 85.922 0.51166 -5.6719
55.38 0.00046921 87.243 0.51178 -5.5
60.13 0.00043106 87.454 0.51154 -5.7188
64.95 0.00025177 88.532 0.51178 -5.6485
70.47 -3.8147E-6 90.008 0.51166 -5.7188
75.53 -0.00030136 91.735 0.51184 -5.5547
80.51 -0.00048828 92.852 0.51178 -5.6641
85.78 -0.00072098 94.157 0.51172 -5.6407
89.74 -0.00098039 95.626 0.51154 -5.7188
95.07 -0.0012093 96.915 0.51178 -5.5625
100.31 -0.001339 97.641 0.51166 -5.6407
105.56 -0.0014687 98.36 0.51172 -5.5157
109.76 -0.0015679 98.922 0.51154 -5.6953
115.28 -0.0016213 99.188 0.51154 -5.6172
120.24 -0.0016098 99.165 0.51154 -5.6641
125.66 -0.0016136 99.133 0.5116 -5.6719
130.64 -0.0015831 98.985 0.51154 -5.7188
134.96 -0.0015526 98.821 0.51142 -5.6875
139.98 -0.0015755 98.922 0.51166 -5.5703
145.04 -0.0014 97.922 0.5116 -5.6016
150.13 -0.0012894 97.391 0.51154 -5.7344
155.11 -0.0011177 96.36 0.5116 -5.5235
160.13 -0.00103 95.938 0.51148 -5.7188
165.31 -0.00072861 94.227 0.51142 -5.6719
170.46 -0.00051499 92.985 0.51148 -5.7188
175.41 -0.00026703 91.508 0.51136 -5.7032
180.5 2.6703E-5 89.821 0.51148 -5.711
185.59 0.00025559 88.493 0.51154 -5.6328
189.73 0.00045777 87.274 0.51148 -5.7188
195.59 0.00063324 86.235 0.51154 -5.7422
200.58 0.00078965 85.368 0.5116 -5.7032
204.76 0.00065613 86.086 0.5116 -5.5625
210.64 0.00085831 84.899 0.51154 -5.6719
215.29 0.00086213 84.891 0.51142 -5.7422
220 0.00083542 85.079 0.5116 -5.6641
225.07 0.00078583 85.36 0.51148 -5.7188
230.76 0.00072861 85.719 0.51154 -5.6641
235.66 0.00060654 86.477 0.51166 -5.6172
240.44 0.00047684 87.196 0.5116 -5.6016
245.47 0.00024033 88.54 0.51148 -5.6094
250.29 7.248E-5 89.61 0.51178 -5.5782
255.27 -0.00011826 90.696 0.51154 -5.6797
260.31 -0.00038147 92.188 0.51142 -5.6641
265.31 -0.00069809 94.032 0.51142 -5.6172
270.42 -0.00090027 95.118 0.51148 -5.6953
275.43 -0.0011368 96.54 0.51136 -5.6875
280.53 -0.001297 97.368 0.51148 -5.6172
285.7 -0.0014801 98.415 0.51148 -5.586
289.81 -0.0014954 98.493 0.51148 -5.6407
295.59 -0.0015297 98.68 0.51148 -5.5938
299.91 -0.0015945 98.985 0.51148 -5.586
304.84 -0.0015907 99.024 0.51142 -5.5313
309.79 -0.0015221 98.594 0.51136 -5.6563
315.08 -0.0014839 98.422 0.51123 -5.711
320.33 -0.0014267 98.04 0.51142 -5.711
325.3 -0.0012512 97.11 0.5113 -5.6094
330.31 -0.0012398 97.04 0.51136 -5.586
335.64 -0.0011025 96.29 0.51142 -5.6094
340.66 -0.00096512 95.532 0.51136 -5.5625
345.61 -0.00070572 94.055 0.5113 -5.6172
350.69 -0.00050354 92.915 0.5113 -5.6875
354.75 -0.00029373 91.665 0.51154 -5.5625
360.21 1.1444E-5 89.915 0.51154 -5.5313
0.2 7.6294E-5 89.501 0.51148 -5.6953
5.01 0.00026322 88.399 0.51148 -5.6485
9.78 0.00052262 86.922 0.5116 -5.6407
14.66 0.0006485 86.211 0.51166 -5.6407
20.55 0.0007782 85.352 0.5116 -5.6485
25.1 0.0008049 85.211 0.51166 -5.6407
29.95 0.00081635 85.18 0.51166 -5.6719
34.87 0.0008545 84.969 0.51166 -5.7032
40.29 0.0007515 85.54 0.51172 -5.6641
45.28 0.00065995 86.157 0.51191 -5.586
49.72 0.00069046 85.946 0.51172 -5.6094
55.38 0.00055313 86.735 0.51166 -5.625
60.13 0.00036621 87.813 0.51166 -5.5625
64.95 0.00020218 88.821 0.51178 -5.586
70.47 -1.9074E-5 90.086 0.51178 -5.5625
75.53 -0.00028229 91.586 0.51178 -5.5703
80.51 -0.00053406 93.086 0.51178 -5.6172
85.78 -0.00072098 94.188 0.5116 -5.6797
89.74 -0.00098039 95.665 0.51166 -5.6016
95.07 -0.001236 97.079 0.51166 -5.5625
100.31 -0.0013809 97.93 0.51154 -5.6641
105.56 -0.0014801 98.461 0.51154 -5.6094
109.76 -0.0015984 99.102 0.51154 -5.6172
115.28 -0.0016403 99.29 0.51166 -5.6094
120.24 -0.0016365 99.297 0.5116 -5.5782
125.66 -0.001648 99.43 0.51154 -5.6016
130.64 -0.0016747 99.508 0.51166 -5.6328
134.96 -0.0015717 98.938 0.51166 -5.6172
139.98 -0.0015144 98.618 0.51166 -5.5782
145.04 -0.0014305 98.102 0.5116 -5.6641
150.13 -0.0013046 97.501 0.51154 -5.6719
155.11 -0.0011406 96.563 0.51148 -5.6797
160.13 -0.0010109 95.836 0.51154 -5.6328
165.31 -0.0008545 94.922 0.5116 -5.6407
170.46 -0.00054932 93.165 0.5116 -5.6641
175.41 -0.00030136 91.727 0.51166 -5.586
180.5 2.2888E-5 89.805 0.51166 -5.625
185.59 0.00025177 88.508 0.51178 -5.586
189.73 0.00046921 87.243 0.51166 -5.6407
195.59 0.00062943 86.282 0.51178 -5.6641
200.58 0.00074006 85.626 0.51178 -5.6641
204.76 0.00079727 85.29 0.51166 -5.6016
210.64 0.00081635 85.126 0.5116 -5.6563
215.29 0.00083924 84.993 0.51166 -5.6094
220 0.00074768 85.602 0.51191 -5.5391
225.07 0.00080872 85.251 0.51178 -5.586
230.76 0.00062943 86.258 0.51178 -5.5625
235.66 0.00052643 86.891 0.51191 -5.5938
240.44 0.00044632 87.376 0.51166 -5.586
245.47 0.00028992 88.297 0.51184 -5.5313
250.29 0.00010681 89.352 0.51191 -5.5157
255.27 -0.00013733 90.813 0.51172 -5.6407
260.31 -0.00037384 92.157 0.51172 -5.5625
265.31 -0.00065232 93.766 0.51172 -5.586
270.42 -0.0010109 95.774 0.51178 -5.5313
275.43 -0.0011063 96.368 0.5116 -5.6328
280.53 -0.0012932 97.407 0.51166 -5.586
285.7 -0.0014649 98.352 0.51154 -5.6641
289.81 -0.0014801 98.422 0.5116 -5.5547
295.59 -0.0015412 98.735 0.51166 -5.625
299.91 -0.0015717 98.899 0.51154 -5.625
304.84 -0.0015907 98.977 0.51166 -5.6563
309.79 -0.0014915 98.485 0.5116 -5.6875
315.08 -0.001503 98.555 0.51166 -5.5782
320.33 -0.0014763 98.415 0.51166 -5.586
325.3 -0.0013504 97.688 0.51178 -5.6094
330.31 -0.0012245 96.969 0.5116 -5.6016
335.64 -0.0011368 96.477 0.51154 -5.6641
340.66 -0.00089264 95.102 0.51154 -5.5938
345.61 -0.0007248 94.172 0.51184 -5.5547
350.69 -0.00045777 92.626 0.51166 -5.625
354.75 -0.00028992 91.618 0.51184 -5.461
360.21 1.5259E-5 89.915 0.51191 -5.6016
0.2 2.2888E-5 89.852 0.51178 -5.7032
5.01 0.00033188 88.063 0.51184 -5.7032
9.78 0.00048828 87.086 0.51191 -5.6875
14.66 0.00059891 86.516 0.51203 -5.5547
20.55 0.00077057 85.485 0.51197 -5.6094
25.1 0.00085068 84.938 0.51197 -5.711
29.95 0.00083542 85.04 0.51191 -5.711
34.87 0.00081635 85.251 0.51215 -5.5625
40.29 0.00086213 84.93 0.51197 -5.6407
45.28 0.00071335 85.758 0.51215 -5.5391
49.72 0.00063324 86.313 0.51203 -5.5938
55.38 0.00057221 86.649 0.51197 -5.6172
60.13 0.00041962 87.508 0.51203 -5.586
64.95 0.00020981 88.743 0.51209 -5.586
70.47 -3.8147E-6 90.008 0.51197 -5.625
75.53 -0.00024414 91.43 0.51215 -5.5157
80.51 -0.00050354 92.883 0.51209 -5.5391
85.78 -0.00082398 94.743 0.51203 -5.5625
89.74 -0.00098039 95.586 0.51209 -5.5157
95.07 -0.0011597 96.586 0.51203 -5.5625
100.31 -0.0013733 97.774 0.51191 -5.5703
105.56 -0.0014725 98.376 0.51191 -5.6563
109.76 -0.0015183 98.633 0.51184 -5.5938
115.28 -0.0015755 98.946 0.51184 -5.586
120.24 -0.0016861 99.579 0.51184 -5.5469
125.66 -0.0016403 99.251 0.51191 -5.5547
130.64 -0.0016136 99.18 0.51184 -5.5469
134.96 -0.0016708 99.485 0.51197 -5.6016
139.98 -0.0015183 98.657 0.51191 -5.6797
145.04 -0.0014153 98.063 0.51191 -5.6172
150.13 -0.0012856 97.305 0.51203 -5.5938
155.11 -0.0011253 96.399 0.51197 -5.5703
160.13 -0.00098039 95.594 0.51203 -5.6016
165.31 -0.00073624 94.227 0.51184 -5.7188
170.46 -0.00063324 93.594 0.51197 -5.5782
175.41 -0.00026703 91.532 0.51203 -5.5313
180.5 2.2888E-5 89.852 0.51197 -5.6016
185.59 0.00027085 88.368 0.51184 -5.6407
189.73 0.00055313 86.774 0.51203 -5.586
195.59 0.00067521 86.047 0.51184 -5.6953
200.58 0.00074387 85.602 0.51191 -5.6172
204.76 0.00075531 85.547 0.51191 -5.6641
210.64 0.00080872 85.274 0.51191 -5.5782
215.29 0.00087357 84.829 0.51197 -5.6407
220 0.00084305 85.047 0.51203 -5.6953
225.07 0.00077057 85.461 0.51197 -5.6094
230.76 0.0007248 85.743 0.51215 -5.5625
235.66 0.00059128 86.485 0.51197 -5.586
240.44 0.00050354 87.04 0.51215 -5.5547
245.47 0.00031662 88.149 0.51203 -5.6328
250.29 7.6294E-5 89.547 0.51191 -5.625
255.27 -0.00017548 90.985 0.51197 -5.5625
260.31 -0.00031662 91.821 0.51197 -5.586
265.31 -0.00061417 93.54 0.51191 -5.6328
270.42 -0.00096131 95.516 0.51197 -5.5157
275.43 -0.0011635 96.633 0.51197 -5.586
280.53 -0.0013123 97.477 0.51197 -5.586
285.7 -0.0013771 97.852 0.51215 -5.5625
289.81 -0.0014687 98.336 0.51203 -5.5547
295.59 -0.0015335 98.672 0.51197 -5.6172
299.91 -0.0015412 98.751 0.51197 -5.6407
304.84 -0.0015335 98.672 0.51197 -5.5782
309.79 -0.0015679 98.821 0.51197 -5.586
315.08 -0.0014763 98.376 0.51191 -5.5391
320.33 -0.0014 97.946 0.51197 -5.6016
325.3 -0.001339 97.586 0.51197 -5.5469
330.31 -0.0012856 97.336 0.51191 -5.5703
335.64 -0.0010834 96.235 0.51172 -5.6407
340.66 -0.00090027 95.141 0.51191 -5.5391
345.61 -0.00071335 94.079 0.51197 -5.5938
350.69 -0.00042343 92.461 0.51197 -5.5625
354.75 -0.0002327 91.305 0.51203 -5.5625
360.21 1.9074E-5 89.852 0.51191 -5.586
