Time X DEG X DEG
0 -0.0010672 -105.79 0.36115 -0.99219
1.3090001 -0.0013495 -109.3 0.36121 -0.99219
2.0000005 -0.00098611 -104.63 0.36121 -0.98438
3.0000001 -0.00059128 -100.92 0.36121 -1
4.0000003 -0.00049305 -98.883 0.36121 -1.0078
5.0000005 -0.00052357 -99.836 0.36121 -0.99219
6.0000001 -0.00035 -96.782 0.36121 -0.99219
7.0000004 -8.0109E-5 -91.461 0.36121 -0.98438
8.0000006 0.00022316 -84.594 0.36127 -1
9.0000002 6.7711E-5 -88.336 0.36127 -1
10 9.4414E-5 -87.868 0.36127 -0.99219
11 0.00030327 -82.001 0.36133 -1
12 0.00071717 -64.735 0.36133 -1
13.000001 0.00053406 -70.727 0.36139 -1
14 0.00077153 -60.274 0.36133 -1
15 0.0013046 -41.094 0.36133 -1.0078
16.000001 0.0011063 -55.11 0.36127 -1
17 0.00056839 -77.68 0.36121 -1
18 0.00061322 -78.977 0.36121 -0.99219
19 0.00016976 -86.782 0.36121 -0.98438
20 0.00030995 -84.391 0.36121 -0.98438
21.000001 0.00044537 -81.766 0.36121 -0.98438
22 0.00014687 -87.547 0.36121 -0.99219
23 0.0002451 -85.336 0.36121 -0.98438
24.000001 0.00031185 -84.43 0.36121 -0.98438
25 0.00020599 -86.04 0.36121 -0.98438
26 0.00053025 -80.563 0.36121 -0.98438
27 0.00060273 -78.977 0.36121 -0.99219
28 0.00050545 -80.758 0.36121 -0.98438
29 0.00043011 -82.29 0.36121 -0.98438
30 0.00043106 -82.422 0.36121 -0.98438
31 -1.6213E-5 -90.11 0.36121 -0.98438
32.000001 0.00030899 -84.563 0.36121 -0.98438
33 0.00025177 -85.493 0.36121 -0.98438
34 0.00037575 -83.11 0.36121 -0.98438
35 -9.4414E-5 -91.774 0.36121 -0.98438
36 3.7194E-5 -89.274 0.36121 -0.98438
37 -0.00036144 -96.797 0.36127 -0.98438
38 0.00030041 -84.321 0.36121 -0.98438
39 0.00031567 -84.149 0.36121 -0.98438
40.000001 3.624E-5 -89.336 0.36121 -0.99219
41 -0.00019264 -93.579 0.36121 -0.99219
42 -0.00055123 -99.735 0.36121 -0.99219
43 -0.00041485 -97.313 0.36127 -0.99219
44 -0.00017166 -93.04 0.36121 -0.99219
45 -0.00021649 -94.172 0.36121 -0.98438
46 -0.00084877 -104.77 0.36127 -0.99219
47 -0.0011692 -110.03 0.36133 -0.98438
48.000001 -0.001193 -110.48 0.36127 -0.98438
49 -0.00072194 -102.95 0.36127 -0.99219
50 -0.0013504 -112.74 0.36133 -0.98438
51.000001 -0.0011349 -109.05 0.36127 -0.98438
52 -0.0015221 -114.54 0.36133 -0.99219
53 -0.0013819 -111.95 0.36133 -0.98438
54 -0.0014076 -112.25 0.36133 -0.99219
55 -0.0019484 -120.21 0.36139 -0.98438
56.000001 -0.002286 -126.13 0.36145 -0.98438
57 -0.0025368 -127.27 0.36145 -0.99219
58 -0.0024653 -126.67 0.36145 -0.98438
59.000001 -0.0027046 -129.88 0.36145 -0.99219
60 -0.0025435 -128.91 0.36145 -0.98438
61 -0.0025101 -127.7 0.36145 -0.98438
62 -0.0020895 -123.4 0.36145 -0.98438
63 -0.0025025 -126.81 0.36145 -0.98438
64.000001 -0.002697 -129.58 0.36151 -0.99219
65 -0.0024691 -126.5 0.36151 -1
66 -0.0024834 -126.77 0.36145 -0.99219
67.000001 -0.0028162 -131.91 0.36151 -0.99219
68 -0.0025711 -129.16 0.36151 -0.99219
69 -0.0030022 -130.64 0.36151 -1.0078
70 -0.0030022 -132.94 0.36151 -1
71 -0.0024977 -127.93 0.36145 -0.99219
72 -0.0022822 -126.42 0.36151 -0.98438
73 -0.0026608 -130.31 0.36151 -0.99219
74 -0.0025644 -128.88 0.36151 -0.98438
75.000001 -0.002224 -126.09 0.36151 -0.98438
76 -0.0026608 -130.61 0.36157 -0.98438
77 -0.0023747 -127.7 0.36145 -0.99219
78 -0.0020123 -122.33 0.36145 -0.98438
79 -0.0018091 -119.81 0.36151 -0.98438
80 -0.0025053 -129.62 0.36157 -0.98438
81 -0.0023308 -126.61 0.36151 -0.98438
82 -0.002636 -131.11 0.36151 -0.98438
83.000001 -0.00212 -124.99 0.36157 -0.98438
84 -0.0021687 -124.95 0.36145 -0.98438
85 -0.0019674 -122.28 0.36151 -0.98438
86.000001 -0.0021744 -123.4 0.36145 -0.98438
87 -0.0020895 -122.69 0.36145 -0.98438
88 -0.002017 -121.92 0.36145 -0.98438
89 -0.0020704 -122.57 0.36145 -0.98438
90 -0.0027352 -131.16 0.36157 -0.99219
91.000001 -0.00245 -128.49 0.36151 -0.99219
92 -0.0025902 -128.45 0.36151 -0.99219
93 -0.002079 -123.95 0.36151 -0.98438
94.000001 -0.0024986 -129.03 0.36157 -0.98438
95 -0.0020971 -124.67 0.36157 -0.98438
96 -0.0023337 -127.31 0.36151 -0.98438
97 -0.0025606 -129.62 0.36157 -0.98438
98 -0.0025196 -128.24 0.36151 -0.98438
99.000001 -0.0021134 -123.09 0.36151 -0.98438
100 -0.0018282 -119.65 0.36145 -0.98438
101 -0.0015535 -115.83 0.36139 -0.98438
102 -0.001832 -120.62 0.36145 -0.96875
103 -0.0019569 -122.75 0.36145 -0.97657
104 -0.0016909 -118.9 0.36139 -0.97657
105 -0.001564 -116.28 0.36145 -0.97657
106 -0.0017748 -119.31 0.36145 -0.97657
107 -0.001688 -118.18 0.36151 -0.98438
108 -0.0016518 -117.56 0.36151 -0.98438
109 -0.001606 -117.25 0.36151 -0.97657
110 -0.0016546 -118.13 0.36151 -0.97657
111 -0.0019894 -123.02 0.36151 -0.97657
112 -0.0019817 -122.42 0.36151 -0.98438
113 -0.001935 -121.38 0.36151 -0.98438
114 -0.0016613 -117.73 0.36145 -0.98438
115 -0.0015535 -116.88 0.36151 -0.98438
116 -0.0014915 -114.97 0.36151 -0.98438
117 -0.0016308 -117.55 0.36151 -0.97657
118 -0.0014525 -113.86 0.36151 -0.98438
119 -0.0015354 -114.81 0.36151 -0.97657
120 -0.0018501 -118.75 0.36151 -0.96875
121 -0.0016928 -117.34 0.36151 -0.96875
122 -0.0018387 -119.58 0.36151 -0.97657
123 -0.0017986 -118.77 0.36151 -0.98438
124 -0.0020552 -122.3 0.36151 -0.97657
125 -0.0019026 -120.44 0.36151 -0.97657
126 -0.0019054 -120.7 0.36151 -0.97657
127 -0.0018282 -119.06 0.36151 -0.96875
128 -0.0018454 -119.65 0.36151 -0.97657
129 -0.0017109 -118.02 0.36151 -0.97657
130 -0.0017491 -118.2 0.36151 -0.97657
131 -0.0016089 -116.46 0.36151 -0.97657
132 -0.0019627 -121.7 0.36151 -0.97657
133 -0.0016461 -116.87 0.36151 -0.98438
134 -0.0018597 -119.38 0.36151 -0.97657
135 -0.0017443 -117.52 0.36151 -0.96875
136 -0.0019789 -120.56 0.36151 -0.98438
137 -0.0020294 -121.66 0.36151 -0.97657
138 -0.0019398 -121.05 0.36157 -0.97657
139 -0.002244 -124.2 0.36157 -0.98438
140 -0.0020571 -122.02 0.36151 -0.97657
141 -0.00212 -122.26 0.36151 -0.98438
142 -0.0021553 -122.52 0.36151 -0.97657
143 -0.001956 -120.48 0.36151 -0.97657
144 -0.0017281 -117.99 0.36151 -0.97657
145 -0.0020409 -120.99 0.36151 -0.97657
146 -0.0019035 -119.52 0.36151 -0.97657
147 -0.0019989 -120.13 0.36151 -0.97657
148 -0.0016737 -116.31 0.36145 -0.97657
149 -0.0021277 -122.83 0.36151 -0.96875
150 -0.0021372 -122.78 0.36151 -0.97657
151 -0.0025034 -126.95 0.36157 -0.96875
152 -0.0024395 -126.09 0.36157 -0.97657
153 -0.0023136 -123.79 0.36151 -0.97657
154 -0.0022173 -122.85 0.36157 -0.96875
155 -0.0017452 -117.59 0.36151 -0.97657
156 -0.0021629 -122.48 0.36157 -0.97657
157 -0.0030356 -131.21 0.36157 -0.97657
158 -0.0031681 -132.21 0.36163 -0.97657
159 -0.0030089 -130.88 0.36163 -0.96875
160 -0.0031595 -131.27 0.36163 -0.97657
161 -0.0033169 -132.99 0.36163 -0.96875
162 -0.0032301 -132.54 0.36163 -0.96875
163 -0.0038786 -138.77 0.3617 -0.98438
164 -0.0036726 -135.98 0.36163 -0.98438
165 -0.0039883 -138.67 0.3617 -0.96875
166 -0.0038986 -137.45 0.3617 -0.97657
167 -0.0038138 -137.09 0.3617 -0.97657
168 -0.0036469 -136.52 0.36163 -0.98438
169 -0.0038796 -137.59 0.3617 -0.97657
170 -0.0041981 -140.77 0.3617 -0.96875
171 -0.0038195 -137.92 0.3617 -0.96875
172 -0.0038223 -137.7 0.3617 -0.96875
173 -0.0039778 -138.3 0.36163 -0.96875
174 -0.0042544 -140.79 0.3617 -0.97657
175 -0.0044127 -141.46 0.3617 -0.96875
176 -0.0043173 -140.75 0.3617 -0.97657
177 -0.0042048 -140.71 0.3617 -0.96875
178 -0.0044422 -142.56 0.3617 -0.96094
179 -0.0044127 -142.15 0.3617 -0.97657
180 -0.004117 -140.21 0.3617 -0.96875
181 -0.0039568 -138.91 0.3617 -0.96875
182 -0.0045014 -142.39 0.3617 -0.96875
183 -0.0041142 -140.52 0.3617 -0.96094
184 -0.0043021 -141.09 0.3617 -0.96094
185 -0.0041781 -140.73 0.3617 -0.96875
186 -0.004242 -140.77 0.3617 -0.96875
187 -0.0041294 -139.54 0.3617 -0.96094
188 -0.00457 -142.54 0.36176 -0.96875
189 -0.005394 -146.87 0.36182 -0.96875
190 -0.00486 -144.52 0.3617 -0.96875
191 -0.0050335 -145.65 0.36182 -0.96875
192 -0.0051661 -147.02 0.36182 -0.96875
193 -0.0051613 -146.11 0.36176 -0.96875
194 -0.0045967 -143.62 0.3617 -0.96875
195 -0.0050593 -146.59 0.3617 -0.96875
196 -0.0046769 -144 0.36176 -0.96875
197 -0.0049878 -145.4 0.3617 -0.97657
198 -0.0049029 -144.76 0.3617 -0.96875
199 -0.0048285 -144.96 0.3617 -0.97657
200 -0.0051394 -146.35 0.3617 -0.96875
201 -0.0054589 -148.35 0.36176 -0.96094
202 -0.0050698 -146.5 0.36182 -0.96875
203 -0.005002 -145.13 0.36182 -0.96875
204 -0.004941 -145.09 0.36182 -0.96875
205 -0.0050927 -146.27 0.36182 -0.96875
206 -0.0052567 -147.92 0.36188 -0.96875
207 -0.0059624 -150.77 0.36194 -0.96094
208 -0.0053215 -147.91 0.36188 -0.96875
209 -0.0051985 -146.72 0.36182 -0.96875
210 -0.0058546 -150.4 0.36194 -0.96875
211 -0.0053215 -147.82 0.36182 -0.97657
212 -0.0055161 -148.39 0.36188 -0.96875
213 -0.005539 -148.77 0.36188 -0.96875
214 -0.0051117 -146.91 0.36188 -0.96875
215 -0.0054741 -149.31 0.36188 -0.96875
216 -0.0055704 -149.48 0.36188 -0.96875
217 -0.0060234 -151.57 0.36194 -0.96875
218 -0.0057202 -151.12 0.36194 -0.96875
219 -0.0051718 -148.79 0.36188 -0.96094
220 -0.0049067 -147.67 0.36182 -0.96094
221 -0.0051623 -149.06 0.36188 -0.96875
222 -0.0053988 -149.36 0.36188 -0.96875
223 -0.0050059 -147.34 0.36188 -0.96094
224 -0.0041409 -142.13 0.36182 -0.96094
225 -0.0043507 -143.99 0.36182 -0.96094
226 -0.0053587 -148.96 0.36188 -0.96094
227 -0.0043745 -143.52 0.36182 -0.96094
228 -0.00451 -144.89 0.36188 -0.96094
229 -0.0043936 -142.56 0.36182 -0.96094
230 -0.004509 -144.07 0.36188 -0.96875
231 -0.0048247 -145.69 0.36194 -0.96094
232 -0.0039025 -140.94 0.36188 -0.94532
233 -0.003602 -138.35 0.36182 -0.96094
234 -0.003479 -137.31 0.36182 -0.96094
235 -0.00387 -140.13 0.36182 -0.96094
236 -0.0036965 -138.31 0.36182 -0.95313
237 -0.0037546 -138.77 0.36182 -0.96094
238 -0.0036726 -138.61 0.36182 -0.96094
239 -0.0036488 -137.84 0.36176 -0.96094
240 -0.0033875 -136.17 0.36182 -0.96094
241 -0.0034313 -136.49 0.36182 -0.96094
242 -0.0039387 -140.24 0.3617 -0.96094
243 -0.0036144 -138.71 0.3617 -0.95313
244 -0.0039721 -140.59 0.36176 -0.95313
245 -0.0041027 -143.01 0.36176 -0.96094
246 -0.0042553 -144.25 0.36182 -0.96094
247 -0.0047598 -146.07 0.36182 -0.96094
248 -0.0043707 -143.75 0.36182 -0.96094
249 -0.0045157 -144.6 0.36182 -0.96094
250 -0.0042248 -142.88 0.36182 -0.96094
251 -0.0041914 -141.97 0.36182 -0.96094
252 -0.0041962 -142.05 0.36176 -0.96094
253 -0.0044041 -143.15 0.36176 -0.96094
254 -0.0043402 -142.59 0.36182 -0.96094
255 -0.0042868 -143.1 0.36182 -0.96094
256 -0.0044976 -144.23 0.36188 -0.96094
257 -0.0042477 -142.66 0.36188 -0.96094
258 -0.0043593 -144.02 0.36182 -0.96094
259 -0.0042878 -143.29 0.36182 -0.96094
260 -0.0046587 -144.92 0.36182 -0.96094
261 -0.0045729 -143.99 0.36182 -0.96094
262 -0.0044365 -143.59 0.36182 -0.96094
263 -0.0041533 -141.19 0.36182 -0.96094
264 -0.004653 -144.81 0.36182 -0.96094
265 -0.0046921 -144.1 0.36182 -0.96094
266 -0.0046769 -144.31 0.36182 -0.96094
267 -0.0044556 -143.26 0.36188 -0.96094
268 -0.0042391 -141.27 0.36188 -0.96094
269 -0.0042753 -141.94 0.36188 -0.96094
270 -0.0042019 -141.45 0.36182 -0.96094
271 -0.0042858 -141.3 0.36188 -0.96094
272 -0.0042906 -142.02 0.36182 -0.96094
273 -0.0041247 -140.76 0.36182 -0.96094
274 -0.0042 -141.44 0.36188 -0.96094
275 -0.0044814 -144.18 0.36188 -0.96094
276 -0.0046921 -145.33 0.36188 -0.96094
277 -0.0046978 -143.95 0.36188 -0.96094
278 -0.004798 -144.97 0.36188 -0.96094
279 -0.0046511 -143.27 0.36182 -0.95313
280 -0.0046425 -143.65 0.36188 -0.96094
281 -0.0049486 -145.91 0.36188 -0.96094
282 -0.0045796 -143.3 0.36188 -0.96094
283 -0.004962 -145.27 0.36194 -0.96094
284 -0.0049238 -145.77 0.36188 -0.96094
285 -0.0051146 -145.44 0.36188 -0.96094
286 -0.0049143 -145.13 0.36194 -0.96094
287 -0.0047522 -143.81 0.36188 -0.96094
288 -0.0051136 -145.49 0.36194 -0.95313
289 -0.0051728 -145.36 0.36188 -0.96094
290 -0.0048399 -144.31 0.36188 -0.96094
291 -0.0049315 -144.46 0.36188 -0.96094
292 -0.0051709 -145.42 0.36188 -0.96094
293 -0.0051213 -145.38 0.36188 -0.96094
294 -0.0051937 -145.62 0.36188 -0.96094
295 -0.005641 -147.84 0.36194 -0.96094
296 -0.0060473 -150.08 0.36194 -0.96094
297 -0.0054655 -146.99 0.36188 -0.96094
298 -0.0052767 -146.41 0.36194 -0.96094
299 -0.0057927 -148.88 0.36194 -0.95313
300 -0.0059128 -150 0.36194 -0.96094
