Alpha(207mT) X DEG X DEG
0.33 -8.0109E-5 90.36 0.51892 -4.9141
4.95 -0.00026703 91.399 0.51868 -5.0157
10.74 -0.0005188 92.719 0.51892 -4.8907
15.51 -0.00062561 93.274 0.51892 -4.875
20.33 -0.00073243 93.829 0.51886 -4.9141
25.03 -0.00087357 94.555 0.51917 -4.9219
29.88 -0.00087357 94.508 0.51923 -4.7578
35.78 -0.00094986 94.946 0.51917 -4.7266
40.62 -0.00091172 94.758 0.51923 -4.7032
45.24 -0.00082398 94.266 0.51929 -4.5782
50.19 -0.00075531 93.899 0.51953 -4.5782
55.1 -0.00062561 93.219 0.51941 -4.5547
59.87 -0.00059891 93.094 0.51941 -4.5391
65.74 -0.00032044 91.68 0.51929 -4.6953
70.61 -0.00011826 90.602 0.51935 -4.7578
75.67 6.1036E-5 89.649 0.51929 -4.8516
80.63 0.00036621 88.055 0.51905 -5
84.84 0.00054932 87.086 0.51905 -5.0782
90.17 0.00069809 86.235 0.5188 -5.1328
95.43 0.00082398 85.586 0.51874 -5.2578
100.55 0.0010491 84.399 0.51886 -5.3125
105.52 0.001194 83.547 0.51874 -5.2657
110.74 0.0012703 83.141 0.51856 -5.3203
115.67 0.0013504 82.743 0.51868 -5.4063
120.83 0.0013962 82.469 0.51844 -5.4922
124.87 0.0013428 82.743 0.5185 -5.5703
129.94 0.0013466 82.68 0.51838 -5.6407
134.97 0.0013008 82.977 0.51838 -5.625
140.15 0.0012398 83.29 0.51831 -5.7969
145.31 0.0010796 84.11 0.51807 -5.7969
150.33 0.0010185 84.508 0.51813 -5.8282
155.35 0.00081635 85.594 0.51831 -5.6407
160.41 0.00057602 86.876 0.51838 -5.5625
165.43 0.00037384 87.977 0.51856 -5.4141
170.55 0.0001297 89.313 0.51874 -5.1953
175.58 -3.0518E-5 90.149 0.51892 -5.125
180.67 -0.00030136 91.563 0.51905 -5.0547
185.75 -0.00045395 92.383 0.51917 -4.9297
189.81 -0.0005951 93.126 0.51905 -4.8594
195.65 -0.00078202 94.071 0.51911 -4.875
200.44 -0.00090027 94.672 0.51917 -4.8282
205.23 -0.00094605 94.915 0.51911 -4.8907
210.07 -0.00094605 94.907 0.51917 -4.8047
215.02 -0.00098801 95.102 0.51905 -4.8203
220.8 -0.0010147 95.282 0.51911 -4.7344
225.5 -0.00090409 94.665 0.51917 -4.625
230.33 -0.00078202 94.024 0.51911 -4.6563
235.29 -0.00068283 93.501 0.51935 -4.5469
240.1 -0.00047684 92.469 0.51911 -4.7344
244.97 -0.00040054 92.063 0.51917 -4.6016
249.86 -7.248E-5 90.344 0.51905 -4.9219
254.93 3.0518E-5 89.836 0.51905 -4.8282
259.85 0.00029373 88.454 0.5188 -5.0469
265.19 0.00048447 87.407 0.51862 -5.1328
270.38 0.00069046 86.352 0.51868 -5.1875
275.55 0.00087738 85.36 0.51844 -5.2032
280.55 0.0011063 84.126 0.51856 -5.2344
285.57 0.0011711 83.782 0.51838 -5.4375
290.77 0.0013008 83.157 0.51838 -5.4766
295.75 0.0013924 82.641 0.51831 -5.3828
299.81 0.0012932 83.11 0.51813 -5.5235
304.92 0.0012817 83.133 0.51807 -5.6172
310 0.0012932 83.126 0.51807 -5.6719
315.24 0.0012398 83.368 0.51801 -5.6094
320.32 0.0010986 84.126 0.51801 -5.7188
325.41 0.00099183 84.704 0.51795 -5.7735
330.43 0.00086976 85.305 0.5177 -5.8907
335.31 0.00067139 86.36 0.51783 -5.7969
340.56 0.00043106 87.711 0.51831 -5.4844
345.36 0.00028229 88.508 0.51831 -5.461
350.51 3.0518E-5 89.821 0.5185 -5.3125
355.65 -0.00024796 91.274 0.51856 -5.1719
360.33 -0.00039292 92.055 0.5188 -5.0938
0.33 -0.00040817 92.133 0.51886 -5.0469
4.95 -0.00058747 93.071 0.5188 -4.9922
10.74 -0.00082398 94.305 0.51892 -4.8985
15.51 -0.0010109 95.297 0.51886 -4.8828
20.33 -0.0010529 95.485 0.51905 -4.9453
25.03 -0.0011635 96.032 0.51911 -4.7266
29.88 -0.0012093 96.243 0.51911 -4.7891
35.78 -0.0012703 96.563 0.51911 -4.8203
40.62 -0.001194 96.188 0.51917 -4.7032
45.24 -0.0012398 96.422 0.51917 -4.6797
50.19 -0.0011406 95.915 0.51917 -4.7032
55.1 -0.00099564 95.172 0.51923 -4.6172
59.87 -0.00082016 94.251 0.51929 -4.5469
65.74 -0.00063706 93.321 0.51917 -4.7422
70.61 -0.00041962 92.204 0.51917 -4.8282
75.67 -0.00016785 90.876 0.51892 -4.9453
80.63 2.2888E-5 89.868 0.51905 -4.9219
84.84 0.00021362 88.844 0.51905 -4.9766
90.17 0.00045395 87.555 0.51886 -5.1407
95.43 0.0006485 86.501 0.51874 -5.2969
100.55 0.0008049 85.665 0.51868 -5.3047
105.52 0.00090027 85.172 0.51874 -5.2266
110.74 0.0010719 84.219 0.51862 -5.3125
115.67 0.0010986 84.016 0.51844 -5.4297
120.83 0.0011711 83.704 0.5185 -5.5157
124.87 0.0012398 83.321 0.5185 -5.5469
129.94 0.0011635 83.704 0.51844 -5.586
134.97 0.0011177 83.961 0.51838 -5.6797
140.15 0.00099183 84.626 0.51813 -5.6953
145.31 0.00094605 84.868 0.51819 -5.8125
150.33 0.00078965 85.711 0.51831 -5.6641
155.35 0.00058365 86.844 0.51831 -5.6953
160.41 0.00046921 87.477 0.5185 -5.5703
165.43 0.00024414 88.649 0.51844 -5.5078
170.55 -2.6703E-5 90.141 0.51844 -5.3516
175.58 -0.00024414 91.313 0.5188 -5.1797
180.67 -0.00042343 92.227 0.51892 -5
185.75 -0.00064469 93.352 0.51899 -4.9922
189.81 -0.00086594 94.524 0.51905 -4.8516
195.65 -0.00096512 95.032 0.51886 -4.8828
200.44 -0.0011101 95.782 0.51899 -4.836
205.23 -0.0011368 95.883 0.51899 -4.7657
210.07 -0.0011635 96.008 0.51905 -4.8672
215.02 -0.0011368 95.907 0.51892 -4.7891
220.8 -0.0011444 95.93 0.51911 -4.7422
225.5 -0.0010986 95.672 0.51899 -4.7422
230.33 -0.00099564 95.11 0.51917 -4.6328
235.29 -0.00083924 94.313 0.51905 -4.6328
240.1 -0.00070572 93.672 0.51905 -4.6172
244.97 -0.00049973 92.594 0.51886 -4.7578
249.86 -0.00029373 91.508 0.51899 -4.8047
254.93 -8.0109E-5 90.399 0.51892 -4.8282
259.85 0.00011826 89.36 0.51886 -4.9219
265.19 0.0003891 87.969 0.51874 -4.9922
270.38 0.00060654 86.766 0.5185 -5.211
275.55 0.00074387 86.055 0.51856 -5.2188
280.55 0.00094223 85.016 0.5185 -5.3047
285.57 0.0010605 84.344 0.51838 -5.375
290.77 0.0011521 83.876 0.51838 -5.3594
295.75 0.0012016 83.594 0.51807 -5.4063
299.81 0.0012131 83.532 0.51807 -5.5157
304.92 0.0011978 83.594 0.51813 -5.6016
310 0.0011521 83.868 0.51783 -5.6719
315.24 0.0011368 83.938 0.51783 -5.7422
320.32 0.0010262 84.508 0.5177 -5.7422
325.41 0.00086594 85.329 0.51776 -5.7578
330.43 0.0007782 85.86 0.51783 -5.8282
335.31 0.00064087 86.547 0.51795 -5.8203
340.56 0.00037003 88.008 0.51801 -5.6485
345.36 0.00012207 89.36 0.51831 -5.4063
350.51 -8.3924E-5 90.446 0.51831 -5.3282
355.65 -0.00031281 91.61 0.51856 -5.0938
360.33 -0.00053025 92.743 0.51856 -5.125
0.33 -0.00053788 92.805 0.51868 -5.0078
4.95 -0.00076676 94.001 0.51874 -4.9922
10.74 -0.00093461 94.868 0.51874 -4.961
15.51 -0.0010834 95.641 0.51886 -4.8672
20.33 -0.001236 96.399 0.51874 -4.8828
25.03 -0.0012474 96.477 0.51892 -4.8672
29.88 -0.0012856 96.657 0.51886 -4.7891
35.78 -0.0012779 96.61 0.51886 -4.7657
40.62 -0.0012627 96.493 0.51911 -4.6485
45.24 -0.0012322 96.352 0.51905 -4.6328
50.19 -0.0011635 96.016 0.51892 -4.6641
55.1 -0.0010071 95.211 0.51917 -4.6094
59.87 -0.00088501 94.618 0.51899 -4.6797
65.74 -0.00066376 93.446 0.51905 -4.8047
70.61 -0.00048828 92.524 0.51917 -4.7344
75.67 -0.0002594 91.36 0.51905 -4.8594
80.63 -7.6295E-6 90.047 0.51886 -4.9453
84.84 0.00020599 88.876 0.51886 -5.0235
90.17 0.00034332 88.149 0.5188 -5.1094
95.43 0.00058365 86.907 0.51856 -5.2032
100.55 0.00074387 85.977 0.51856 -5.2969
105.52 0.00087357 85.274 0.5185 -5.3125
110.74 0.00093461 85.001 0.5185 -5.3282
115.67 0.0010605 84.329 0.51856 -5.3828
120.83 0.0010948 84.118 0.5185 -5.375
124.87 0.0010719 84.211 0.51844 -5.5391
129.94 0.0011444 83.836 0.51838 -5.6016
134.97 0.0010605 84.266 0.51825 -5.586
140.15 0.00094986 84.852 0.51807 -5.7344
145.31 0.00087738 85.274 0.51825 -5.6641
150.33 0.00074387 85.977 0.51825 -5.7422
155.35 0.00061035 86.688 0.51807 -5.75
160.41 0.00038529 87.938 0.51831 -5.5469
165.43 0.00019836 88.922 0.51831 -5.461
170.55 -4.9591E-5 90.243 0.51844 -5.3438
175.58 -0.00026703 91.399 0.51868 -5.1641
180.67 -0.00043869 92.297 0.51886 -5.1328
185.75 -0.00071335 93.719 0.51892 -4.9141
189.81 -0.00083161 94.305 0.51892 -4.8985
195.65 -0.00098039 95.102 0.51892 -4.9375
200.44 -0.0011253 95.829 0.51905 -4.8047
205.23 -0.001194 96.18 0.51886 -4.7891
210.07 -0.0012817 96.633 0.5188 -4.8438
215.02 -0.001194 96.165 0.51905 -4.7188
220.8 -0.0011444 95.907 0.51892 -4.7657
225.5 -0.0011063 95.672 0.51886 -4.75
230.33 -0.0010376 95.336 0.51905 -4.586
235.29 -0.00086976 94.469 0.51905 -4.625
240.1 -0.00071335 93.696 0.51892 -4.6094
244.97 -0.00053788 92.782 0.51886 -4.6328
249.86 -0.00032044 91.641 0.5188 -4.711
254.93 -9.1553E-5 90.461 0.51868 -4.9375
259.85 0.00011063 89.399 0.51862 -5.0157
265.19 0.00029755 88.422 0.51862 -5.086
270.38 0.00060654 86.805 0.51844 -5.2657
275.55 0.00069809 86.274 0.51831 -5.2735
280.55 0.00086213 85.415 0.51813 -5.4063
285.57 0.0009842 84.813 0.51831 -5.3672
290.77 0.0011292 84.016 0.51813 -5.3828
295.75 0.0011139 84.04 0.51813 -5.4219
299.81 0.0011597 83.852 0.51807 -5.5078
304.92 0.0011864 83.704 0.51807 -5.5391
310 0.001133 83.954 0.51795 -5.5703
315.24 0.00103 84.469 0.5177 -5.7188
320.32 0.00096512 84.868 0.51795 -5.8282
325.41 0.0008812 85.274 0.51795 -5.8516
330.43 0.00070572 86.219 0.51789 -5.8047
335.31 0.00055313 87.063 0.51801 -5.6485
340.56 0.00031662 88.297 0.51801 -5.6016
345.36 9.5368E-5 89.485 0.51819 -5.4141
350.51 -0.00015259 90.805 0.51831 -5.3203
355.65 -0.00038529 92.024 0.51838 -5.2422
360.33 -0.00057602 92.985 0.51844 -5.125
0.33 -0.00061035 93.172 0.5185 -5.0938
4.95 -0.00077439 94.024 0.51868 -4.9844
10.74 -0.0010033 95.219 0.5188 -5.0235
15.51 -0.0011559 95.954 0.51874 -4.9375
20.33 -0.0012932 96.657 0.5188 -4.9297
25.03 -0.0013504 96.946 0.5188 -4.9688
29.88 -0.0014038 97.29 0.51886 -4.9375
35.78 -0.0013504 96.969 0.51892 -4.8438
40.62 -0.0013733 97.04 0.51911 -4.75
45.24 -0.0013733 97.071 0.51905 -4.6953
50.19 -0.0011749 96.055 0.51905 -4.6719
55.1 -0.0011749 96.047 0.51917 -4.5313
59.87 -0.0010147 95.243 0.51917 -4.5782
65.74 -0.00072861 93.797 0.51923 -4.6328
70.61 -0.0005455 92.852 0.51923 -4.6875
75.67 -0.00032807 91.688 0.51905 -4.836
80.63 -0.00010681 90.579 0.51899 -5.0157
84.84 8.7738E-5 89.516 0.51892 -5.086
90.17 0.00033188 88.211 0.51868 -5.2578
95.43 0.00047684 87.422 0.51874 -5.2578
100.55 0.00069809 86.274 0.5185 -5.3828
105.52 0.00083924 85.485 0.51868 -5.3282
110.74 0.00090409 85.11 0.5185 -5.3672
115.67 0.00096131 84.852 0.51868 -5.3594
120.83 0.0010071 84.579 0.51844 -5.4844
124.87 0.0010605 84.266 0.51844 -5.6485
129.94 0.0010147 84.524 0.51844 -5.5782
134.97 0.00094986 84.907 0.51819 -5.7578
140.15 0.00089646 85.157 0.51819 -5.6641
145.31 0.00080109 85.665 0.51819 -5.7422
150.33 0.00067521 86.391 0.51844 -5.6407
155.35 0.00047684 87.454 0.51844 -5.5391
160.41 0.00033188 88.196 0.51838 -5.5391
165.43 5.7221E-5 89.672 0.51856 -5.4063
170.55 -0.00017166 90.915 0.51868 -5.3047
175.58 -0.0003357 91.751 0.51874 -5.2735
180.67 -0.00060654 93.133 0.51905 -4.9688
185.75 -0.00075913 93.977 0.51892 -5.0157
189.81 -0.0009079 94.727 0.51899 -4.8907
195.65 -0.0010948 95.672 0.51892 -4.9141
200.44 -0.0012016 96.227 0.5188 -4.9922
205.23 -0.001194 96.18 0.51911 -4.875
210.07 -0.0012817 96.594 0.51905 -4.7422
215.02 -0.0012512 96.415 0.51911 -4.7969
220.8 -0.0012703 96.516 0.51905 -4.7578
225.5 -0.0011559 95.969 0.51905 -4.75
230.33 -0.0010948 95.633 0.51905 -4.7188
235.29 -0.00095368 94.915 0.51892 -4.7422
240.1 -0.00079346 94.102 0.5188 -4.75
244.97 -0.00061417 93.188 0.51886 -4.7891
249.86 -0.00043106 92.235 0.51886 -4.8907
254.93 -0.00023651 91.235 0.51862 -4.9375
259.85 1.1444E-5 89.922 0.51862 -5.0703
265.19 0.00024033 88.696 0.51856 -5.125
270.38 0.00043488 87.696 0.51856 -5.125
275.55 0.00066758 86.454 0.51825 -5.3828
280.55 0.00080109 85.735 0.51838 -5.3828
285.57 0.00094605 84.969 0.51801 -5.5157
290.77 0.0010262 84.532 0.51807 -5.5391
295.75 0.0010872 84.227 0.51813 -5.5391
299.81 0.0011253 84.001 0.51807 -5.5078
304.92 0.0010567 84.36 0.51807 -5.5625
310 0.0010796 84.227 0.51795 -5.6641
315.24 0.00097657 84.766 0.5177 -5.75
320.32 0.0009079 85.157 0.5177 -5.8907
325.41 0.00079346 85.766 0.51776 -5.875
330.43 0.00065232 86.524 0.5177 -5.9375
335.31 0.00044632 87.586 0.5177 -5.8672
340.56 0.00031281 88.336 0.51807 -5.7422
345.36 7.6294E-5 89.626 0.51819 -5.5625
350.51 -0.00018692 90.969 0.51825 -5.5625
355.65 -0.00043869 92.266 0.51844 -5.3282
360.33 -0.00069809 93.657 0.51868 -5.0703
0.33 -0.00066376 93.477 0.51862 -5.1328
4.95 -0.0008545 94.454 0.51868 -5.0469
10.74 -0.0010567 95.469 0.5188 -4.9844
15.51 -0.0012245 96.368 0.51874 -4.9922
20.33 -0.0012627 96.501 0.51892 -4.9766
25.03 -0.0014 97.243 0.51892 -4.8516
29.88 -0.0014534 97.524 0.51886 -4.9453
35.78 -0.0014534 97.485 0.51892 -4.8828
40.62 -0.0014 97.227 0.51892 -4.8438
45.24 -0.0013504 96.954 0.51905 -4.7891
50.19 -0.0013085 96.758 0.51917 -4.7578
55.1 -0.0012016 96.196 0.51917 -4.6563
59.87 -0.00103 95.321 0.51905 -4.7344
65.74 -0.00084687 94.376 0.51911 -4.7266
70.61 -0.00065613 93.422 0.51905 -4.836
75.67 -0.00033188 91.719 0.51905 -4.9688
80.63 -0.00014496 90.735 0.51892 -5.0313
84.84 3.8147E-5 89.782 0.5188 -5.1641
90.17 0.00020599 88.922 0.51886 -5.125
95.43 0.00048065 87.422 0.51856 -5.3516
100.55 0.00057221 86.922 0.51868 -5.3594
105.52 0.00074768 86.016 0.51856 -5.4766
110.74 0.00085068 85.461 0.51856 -5.4688
115.67 0.00092698 85.032 0.51862 -5.4141
120.83 0.00094223 84.938 0.51819 -5.586
124.87 0.00094605 84.922 0.51819 -5.7032
129.94 0.00095749 84.852 0.51831 -5.7266
134.97 0.00093079 84.985 0.51819 -5.7657
140.15 0.00085068 85.43 0.51825 -5.8282
145.31 0.00070572 86.196 0.51825 -5.6719
150.33 0.0005951 86.751 0.51807 -5.875
155.35 0.00041199 87.766 0.51813 -5.8516
160.41 0.00021744 88.836 0.51825 -5.711
165.43 1.1444E-5 89.922 0.51831 -5.6407
170.55 -0.00024033 91.243 0.51862 -5.2578
175.58 -0.00043488 92.266 0.51886 -5.1563
180.67 -0.00063706 93.29 0.51892 -5.1172
185.75 -0.00083924 94.36 0.51892 -4.9844
189.81 -0.0010262 95.313 0.51911 -4.9922
195.65 -0.0011063 95.711 0.51905 -4.9532
200.44 -0.0011902 96.141 0.51905 -5.0157
205.23 -0.0013237 96.813 0.51886 -4.9141
210.07 -0.0013733 97.04 0.51899 -4.8516
215.02 -0.0013504 96.977 0.51874 -4.9453
220.8 -0.0013275 96.813 0.51899 -4.711
225.5 -0.0012741 96.54 0.51892 -4.836
230.33 -0.0011902 96.141 0.5188 -4.75
235.29 -0.0010452 95.352 0.51892 -4.6328
240.1 -0.0008545 94.383 0.51905 -4.7032
244.97 -0.00065995 93.399 0.51886 -4.8985
249.86 -0.00040436 92.079 0.51886 -4.8125
254.93 -0.00018692 90.954 0.51874 -5.0782
259.85 -3.4332E-5 90.165 0.51838 -5.3282
265.19 0.00023651 88.751 0.5185 -5.0703
270.38 0.00040817 87.829 0.51819 -5.2813
275.55 0.00054932 87.063 0.51825 -5.25
280.55 0.00076294 85.954 0.51819 -5.4375
285.57 0.00086976 85.399 0.51813 -5.461
290.77 0.0009842 84.743 0.51801 -5.586
295.75 0.00098039 84.774 0.51801 -5.5938
299.81 0.00103 84.532 0.51789 -5.7032
304.92 0.0010567 84.376 0.51795 -5.711
310 0.0010147 84.579 0.5177 -5.7735
315.24 0.00099946 84.68 0.51764 -5.8516
320.32 0.00085831 85.383 0.51746 -5.875
325.41 0.00068665 86.29 0.51746 -6.0078
330.43 0.00061417 86.735 0.5177 -5.8985
335.31 0.00042343 87.743 0.51795 -5.6953
340.56 0.00018311 89.024 0.51783 -5.6407
345.36 -2.6703E-5 90.102 0.51807 -5.5157
350.51 -0.00021362 91.094 0.51825 -5.3828
355.65 -0.00050736 92.649 0.51844 -5.2344
360.33 -0.00063706 93.297 0.51831 -5.2266
