269.87 0.0001173 88.633 0.61542 -0.89844
264.87 6.2466E-5 89.258 0.61524 -0.88282
260.09 2.6226E-5 89.704 0.6153 -0.88282
254.93 2.4796E-5 89.665 0.61554 -0.88282
249.97 5.1975E-5 89.36 0.6156 -0.875
244.87 0.00015164 88.211 0.6156 -0.875
239.88 0.00020981 87.547 0.6156 -0.88282
235.2 0.00032663 86.032 0.61542 -0.86719
230.31 0.00039053 85.344 0.61542 -0.86719
224.9 0.00052929 83.743 0.61566 -0.86719
220.2 0.00057221 83.001 0.6153 -0.86719
215.38 0.00067091 81.993 0.61542 -0.86719
210.34 0.00082875 79.852 0.61512 -0.85938
204.93 0.00089932 79.211 0.61536 -0.875
199.85 0.00099755 77.969 0.61524 -0.85938
194.78 0.0011053 76.626 0.61536 -0.85938
189.74 0.0012446 74.805 0.61524 -0.85938
185.55 0.001338 74.079 0.6153 -0.85938
180.42 0.0014706 72.149 0.61506 -0.85938
175.29 0.0015431 71.891 0.61524 -0.85938
170.04 0.0015969 70.977 0.6153 -0.85938
164.9 0.0015674 70.594 0.61475 -0.85157
159.9 0.0016036 70.977 0.61481 -0.85938
154.72 0.0015359 71.008 0.61481 -0.85157
149.48 0.0015302 71.016 0.61481 -0.85157
145.5 0.0015392 71.196 0.61487 -0.85157
139.55 0.0014725 71.415 0.61481 -0.84375
135.97 0.0013995 72.165 0.61457 -0.85157
129.44 0.0012541 73.821 0.61463 -0.84375
124.62 0.0012503 73.696 0.61469 -0.85157
119.7 0.0010653 75.86 0.61475 -0.85157
115.42 0.00095177 77.204 0.61481 -0.85157
109.55 0.00082445 78.993 0.61499 -0.85157
104.54 0.00056982 81.602 0.61469 -0.83594
100.45 0.00037432 84.719 0.61499 -0.85938
95.51 0.00010347 88.383 0.61451 -0.82813
90.32 6.8665E-5 88.946 0.61463 -0.83594
84.52 -0.00019407 92.868 0.61493 -0.85938
80.48 -0.00050068 97.688 0.61499 -0.84375
74.49 -0.00065041 99.836 0.61487 -0.85157
69.54 -0.0008297 102.96 0.61481 -0.85157
64.56 -0.00085545 104.49 0.61451 -0.83594
59.58 -0.00081349 102.17 0.61499 -0.86719
54.58 -0.00086594 105.01 0.61463 -0.83594
49.57 -0.00083542 104.47 0.61451 -0.85157
45.94 -0.00085736 104.21 0.61469 -0.85157
39.82 -0.00083638 105.79 0.61414 -0.83594
34.86 -0.00067139 101.65 0.61463 -0.84375
30.02 -0.00050259 98.774 0.61445 -0.84375
25.11 -0.00040293 97.688 0.61451 -0.83594
20.19 -0.00021792 93.782 0.61432 -0.85938
15.34 -0.00016642 93.211 0.61414 -0.83594
10.3 -0.00019836 93.954 0.61396 -0.83594
5.33 6.4374E-5 88.86 0.61469 -0.85938
0.42 0.00026655 84.61 0.61408 -0.83594
-4.52 0.00030375 83.93 0.61408 -0.83594
-9.57 0.0003624 83.454 0.61432 -0.85938
-14.52 0.00020743 85.727 0.61414 -0.83594
-19.73 0.00022221 85.594 0.61451 -0.85157
-25.48 5.5313E-5 88.93 0.61414 -0.85938
-29.58 -0.00015831 93.563 0.61389 -0.83594
-35.46 -0.00018454 93.852 0.61359 -0.85157
-39.57 -0.00018931 93.555 0.61408 -0.85938
-45.07 -0.00044775 99.836 0.61347 -0.85157
-50.15 -0.00062943 104.81 0.61353 -0.83594
-55.22 -0.00074768 106.6 0.61353 -0.85157
-59.97 -0.00093603 109.97 0.61353 -0.85157
-64.87 -0.00104 113.57 0.61341 -0.84375
-69.8 -0.0011754 116.66 0.61335 -0.84375
-74.74 -0.0012236 118.36 0.61383 -0.82813
-79.72 -0.001339 118.97 0.61322 -0.84375
-84.89 -0.0014548 117.9 0.61353 -0.85938
-90.13 -0.001564 123.7 0.61347 -0.83594
269.87 -0.0015798 121.88 0.61341 -0.85938
264.87 -0.0017037 125.22 0.61322 -0.85157
260.09 -0.0017667 129 0.61341 -0.83594
254.93 -0.0016227 121.77 0.61396 -0.85938
249.97 -0.0016317 127.09 0.61365 -0.83594
244.87 -0.0015121 122.09 0.61371 -0.85157
239.88 -0.0013633 117.79 0.61353 -0.85938
235.2 -0.001226 117.22 0.61408 -0.85157
230.31 -0.0012555 116.98 0.61353 -0.84375
224.9 -0.001183 112.97 0.61383 -0.85157
220.2 -0.0012059 116.42 0.61389 -0.85157
215.38 -0.0011668 116.25 0.61377 -0.85157
210.34 -0.0012651 114.96 0.61396 -0.85938
204.93 -0.0012155 112.78 0.61389 -0.85938
199.85 -0.0010853 112.48 0.61408 -0.85938
194.78 -0.0010691 113.59 0.61414 -0.85157
189.74 -0.00089121 110.49 0.61414 -0.84375
185.55 -0.00077773 106.14 0.6142 -0.85938
180.42 -0.00065804 102.96 0.6142 -0.85938
175.29 -0.00049734 98.954 0.61451 -0.86719
170.04 -0.00037241 97.133 0.61396 -0.85938
164.9 -0.00040579 98.141 0.61408 -0.85938
159.9 -0.00035811 97.008 0.61396 -0.85938
154.72 -0.00035763 97.586 0.61396 -0.85938
149.48 -0.00032616 97.001 0.61396 -0.85157
145.5 -0.00039339 98.711 0.61389 -0.85157
139.55 -0.00053597 101.33 0.61371 -0.85938
135.97 -0.00056172 101.34 0.61414 -0.85938
129.44 -0.00066567 103.81 0.61414 -0.85157
124.62 -0.00079441 106.8 0.61402 -0.83594
119.7 -0.00090218 109.14 0.61432 -0.84375
115.42 -0.0010924 111.34 0.61414 -0.85938
109.55 -0.0012031 113.47 0.6142 -0.85938
104.54 -0.0013838 116.06 0.61445 -0.86719
100.45 -0.0016112 120.34 0.61396 -0.85157
95.51 -0.0017963 122.82 0.61426 -0.85938
90.32 -0.0019541 126.14 0.61408 -0.85157
84.52 -0.0021458 129.7 0.61414 -0.84375
80.48 -0.0021444 128.82 0.61426 -0.85157
74.49 -0.0021744 130.22 0.61414 -0.84375
69.54 -0.0021162 126.7 0.61445 -0.85938
64.56 -0.0021157 128.06 0.61438 -0.85157
59.58 -0.0021191 126.72 0.61451 -0.85157
54.58 -0.002151 127.91 0.61432 -0.85938
49.57 -0.0021291 128.62 0.61438 -0.85938
45.94 -0.0021277 127.34 0.61426 -0.85157
39.82 -0.0019803 126.71 0.61426 -0.84375
34.86 -0.0018563 126.13 0.61426 -0.83594
30.02 -0.0018406 123.72 0.61445 -0.85157
25.11 -0.0017247 121.77 0.61445 -0.84375
20.19 -0.001719 122.34 0.61389 -0.85157
15.34 -0.0016794 122.31 0.61432 -0.83594
10.3 -0.0016012 119.55 0.61475 -0.84375
5.33 -0.0015369 120.88 0.61408 -0.83594
0.42 -0.0014215 117.63 0.61383 -0.84375
-4.52 -0.0012937 116.2 0.6142 -0.82813
-9.57 -0.0011911 112.13 0.61451 -0.85157
-14.52 -0.0012636 116.27 0.61383 -0.82813
-19.73 -0.0011992 112.48 0.61414 -0.85157
-25.48 -0.001226 114.69 0.61451 -0.83594
-29.58 -0.0012803 114 0.61457 -0.85157
-35.46 -0.0014043 118.53 0.61414 -0.82813
-39.57 -0.0013866 117.37 0.61457 -0.83594
-45.07 -0.0013037 115.26 0.61481 -0.83594
-50.15 -0.0013456 115.02 0.61457 -0.84375
-55.22 -0.001358 115.69 0.61457 -0.83594
-59.97 -0.0013533 115.77 0.6153 -0.83594
-64.87 -0.0015631 119.02 0.61554 -0.84375
-69.8 -0.0016327 117.52 0.61566 -0.85938
-74.74 -0.0017777 119.81 0.61603 -0.85938
-79.72 -0.0018888 121.27 0.61634 -0.85938
-84.89 -0.0020609 123.11 0.6164 -0.86719
-90.13 -0.0021367 123.13 0.61664 -0.88282
269.87 -0.0021358 122.01 0.61701 -0.88282
264.87 -0.002295 125.11 0.61743 -0.86719
260.09 -0.0025115 128.03 0.61731 -0.875
254.93 -0.0025406 127.2 0.61743 -0.88282
249.97 -0.0025187 126.65 0.61756 -0.875
244.87 -0.0025454 128.3 0.61756 -0.875
239.88 -0.0025487 127.39 0.61768 -0.875
235.2 -0.0024142 126.06 0.61756 -0.875
230.31 -0.002336 125.74 0.61792 -0.875
224.9 -0.0021229 122.71 0.61835 -0.875
220.2 -0.0020828 121.47 0.61817 -0.88282
215.38 -0.0021029 123.52 0.61743 -0.86719
210.34 -0.0020199 122.06 0.61805 -0.875
204.93 -0.0018797 119.7 0.61817 -0.875
199.85 -0.0017238 116.54 0.61841 -0.88282
194.78 -0.0016689 116.38 0.61811 -0.88282
189.74 -0.0016303 115.95 0.61774 -0.88282
185.55 -0.0015283 115.23 0.61774 -0.86719
180.42 -0.0013781 112.74 0.6178 -0.875
175.29 -0.0011978 109.58 0.61847 -0.875
170.04 -0.0010057 106.38 0.61847 -0.875
164.9 -0.0009017 105.28 0.6178 -0.875
159.9 -0.00092364 104.98 0.61835 -0.875
154.72 -0.0009594 106.13 0.6178 -0.875
149.48 -0.00098658 106.9 0.61756 -0.86719
145.5 -0.0010104 108.24 0.61737 -0.85938
139.55 -0.0010271 107.28 0.61817 -0.875
135.97 -0.001101 109.26 0.61768 -0.85938
129.44 -0.0011888 110.31 0.61792 -0.85938
124.62 -0.0012207 109.98 0.61811 -0.85938
119.7 -0.0013065 111.99 0.61811 -0.86719
115.42 -0.0012703 111.68 0.61823 -0.85938
109.55 -0.0014444 114.03 0.61817 -0.85938
104.54 -0.0015187 114.94 0.61835 -0.85157
100.45 -0.0017743 119.15 0.61811 -0.84375
95.51 -0.0019884 122.12 0.61805 -0.85157
90.32 -0.0021959 124.9 0.61792 -0.85938
84.52 -0.002409 127.77 0.61823 -0.85938
80.48 -0.0024533 128.33 0.61811 -0.85938
74.49 -0.0024886 126.77 0.61853 -0.86719
69.54 -0.0024729 127.52 0.61841 -0.85938
64.56 -0.0024948 128.13 0.61817 -0.86719
59.58 -0.0024219 127.3 0.61823 -0.85938
54.58 -0.0023794 126.4 0.61835 -0.85938
49.57 -0.0023818 127.52 0.61829 -0.85938
45.94 -0.0023847 126.47 0.61841 -0.85938
39.82 -0.0023117 124.45 0.61878 -0.86719
34.86 -0.0022597 124.4 0.61829 -0.85938
30.02 -0.0021944 124.7 0.61774 -0.85938
25.11 -0.0021753 123.28 0.61805 -0.86719
20.19 -0.0019989 121.71 0.61829 -0.85938
15.34 -0.001895 120.04 0.61835 -0.86719
10.3 -0.0017572 118.38 0.61817 -0.85938
5.33 -0.0014906 114.27 0.61847 -0.85938
0.42 -0.0013304 111.21 0.61829 -0.86719
-4.52 -0.0012279 110.19 0.61805 -0.85938
-9.57 -0.0011087 107.77 0.6186 -0.875
-14.52 -0.0010219 106.63 0.61817 -0.85938
-19.73 -0.0010972 107.91 0.61817 -0.85938
-25.48 -0.0011344 108.09 0.61817 -0.875
-29.58 -0.0011697 108.86 0.61847 -0.85938
-35.46 -0.0011964 108.79 0.61878 -0.86719
-39.57 -0.0013676 110.72 0.61866 -0.875
-45.07 -0.0014701 112.16 0.6186 -0.875
-50.15 -0.0015926 113.95 0.61853 -0.875
-55.22 -0.0016565 114.58 0.61841 -0.86719
-59.97 -0.0017204 116.03 0.61823 -0.85938
-64.87 -0.0018525 117.7 0.6186 -0.86719
-69.8 -0.0019574 118.45 0.61823 -0.86719
-74.74 -0.0020294 119.82 0.61774 -0.875
-79.72 -0.0021029 120.41 0.61847 -0.875
-84.89 -0.0021987 121.69 0.61841 -0.875
-90.13 -0.0021978 120.7 0.61866 -0.88282
269.87 -0.0021057 120.73 0.61829 -0.88282
264.87 -0.0022245 121.2 0.6186 -0.875
260.09 -0.0022631 122.63 0.61829 -0.86719
254.93 -0.0023799 123.27 0.61866 -0.875
249.97 -0.00246 124.32 0.61853 -0.86719
244.87 -0.0025363 125.35 0.61878 -0.86719
239.88 -0.002511 126.05 0.61884 -0.85938
235.2 -0.0024934 125.19 0.61847 -0.86719
230.31 -0.0025096 125.84 0.61872 -0.85938
224.9 -0.0025206 126.17 0.61853 -0.85938
220.2 -0.0025005 126.42 0.61811 -0.85938
215.38 -0.002368 124.93 0.61817 -0.85157
210.34 -0.0022183 123.13 0.61847 -0.85157
204.93 -0.0020976 121.31 0.6186 -0.85157
199.85 -0.0020776 122.9 0.61811 -0.83594
194.78 -0.0019093 120.64 0.61817 -0.84375
189.74 -0.0017657 117.52 0.61847 -0.84375
185.55 -0.0016174 115.71 0.61792 -0.85157
180.42 -0.0014777 114.63 0.61792 -0.84375
175.29 -0.001245 110.05 0.61823 -0.84375
170.04 -0.0012288 110.1 0.61823 -0.85157
164.9 -0.0012021 109.73 0.61792 -0.85157
159.9 -0.0011344 108.68 0.61811 -0.85157
154.72 -0.001204 109.7 0.61817 -0.85157
149.48 -0.0013933 113.23 0.61756 -0.84375
145.5 -0.0014544 114.03 0.61786 -0.84375
139.55 -0.001461 113.66 0.6178 -0.85938
135.97 -0.0015159 114.31 0.61817 -0.85938
129.44 -0.0017028 118.2 0.61756 -0.84375
124.62 -0.0016832 116.98 0.6178 -0.85157
119.7 -0.0016265 115.71 0.61805 -0.85157
115.42 -0.0017109 118.14 0.61762 -0.85157
109.55 -0.001709 117.6 0.61762 -0.84375
104.54 -0.0017581 118.05 0.61774 -0.85157
100.45 -0.0018373 119.31 0.6178 -0.84375
95.51 -0.0019465 120.1 0.61768 -0.85938
90.32 -0.0020833 122.43 0.61786 -0.84375
84.52 -0.0022063 123.59 0.61786 -0.85157
80.48 -0.0023771 125.3 0.61817 -0.85157
74.49 -0.0025397 126.54 0.61811 -0.85938
69.54 -0.0025883 127.47 0.61829 -0.85938
64.56 -0.0026784 129.8 0.61774 -0.84375
59.58 -0.0026331 127.58 0.61786 -0.85157
54.58 -0.0026469 128.45 0.61786 -0.84375
49.57 -0.0025521 126.52 0.61829 -0.85938
45.94 -0.0025687 126.96 0.61792 -0.85157
39.82 -0.0025931 126.47 0.61792 -0.85938
34.86 -0.0025335 126.16 0.61817 -0.85938
30.02 -0.0025001 125.62 0.61786 -0.85157
25.11 -0.0023675 124.1 0.61756 -0.85157
20.19 -0.002264 121.97 0.61792 -0.85938
15.34 -0.0021997 122.57 0.61792 -0.85157
10.3 -0.0020466 119.53 0.61805 -0.85157
5.33 -0.0018988 117.55 0.61805 -0.85938
0.42 -0.001781 115.77 0.61853 -0.85938
-4.52 -0.0016351 113.71 0.61805 -0.85938
-9.57 -0.0014911 112.4 0.61786 -0.85157
-14.52 -0.0013833 110.51 0.61829 -0.85938
-19.73 -0.00143 111.2 0.61786 -0.85157
-25.48 -0.001524 112.59 0.61768 -0.85157
-29.58 -0.001431 110.89 0.61792 -0.85157
-35.46 -0.0014591 112.41 0.61792 -0.85157
-39.57 -0.0014787 112.38 0.61737 -0.85938
-45.07 -0.0013833 110.6 0.61774 -0.85938
-50.15 -0.0014777 112.19 0.61792 -0.84375
-55.22 -0.001667 114.39 0.61786 -0.85938
-59.97 -0.0018053 116.59 0.61768 -0.85157
-64.87 -0.0019193 118.7 0.6178 -0.84375
-69.8 -0.0020137 119.34 0.6178 -0.85157
-74.74 -0.0021348 122.34 0.61737 -0.83594
-79.72 -0.0022698 122.31 0.61774 -0.85938
-84.89 -0.0024567 125.27 0.61774 -0.84375
-90.13 -0.0027251 128.85 0.61737 -0.84375
269.87 -0.0028586 129.9 0.61756 -0.85157
264.87 -0.0029416 131.81 0.61756 -0.83594
260.09 -0.0030561 132.16 0.61792 -0.83594
254.93 -0.003078 131.93 0.61835 -0.85157
249.97 -0.0031896 134.36 0.6175 -0.84375
244.87 -0.003171 133.88 0.61774 -0.83594
239.88 -0.0032234 133.99 0.61811 -0.83594
235.2 -0.0032363 134.15 0.6178 -0.85157
230.31 -0.00317 134.46 0.61768 -0.83594
224.9 -0.0030327 133.02 0.61817 -0.84375
220.2 -0.0029416 131.18 0.61774 -0.84375
215.38 -0.0028272 132.2 0.61743 -0.82813
210.34 -0.0026961 130.47 0.61768 -0.83594
204.93 -0.0026217 128.21 0.61805 -0.84375
199.85 -0.0025911 128.69 0.61768 -0.84375
194.78 -0.0024257 126.84 0.61768 -0.83594
189.74 -0.002275 124.52 0.61774 -0.84375
185.55 -0.0022297 124.63 0.61743 -0.82813
180.42 -0.0021963 123.52 0.61756 -0.84375
175.29 -0.0020847 122.31 0.6175 -0.84375
170.04 -0.002007 121.08 0.61774 -0.84375
164.9 -0.0019269 119.41 0.6175 -0.85157
159.9 -0.0019274 119.38 0.61786 -0.84375
154.72 -0.0019703 119.93 0.6175 -0.85157
149.48 -0.0019732 120.43 0.61731 -0.84375
145.5 -0.0019431 119.4 0.6175 -0.84375
139.55 -0.0019751 119.35 0.61768 -0.84375
135.97 -0.0020657 121.73 0.61737 -0.83594
129.44 -0.002151 121.55 0.61743 -0.85157
124.62 -0.0021644 121.3 0.6178 -0.85938
119.7 -0.0022359 121.71 0.61811 -0.85938
115.42 -0.002306 122.85 0.61756 -0.85938
109.55 -0.0025168 125.95 0.61682 -0.85157
104.54 -0.0025764 126.39 0.61743 -0.83594
100.45 -0.002718 128.84 0.61743 -0.83594
95.51 -0.0028696 129.8 0.61743 -0.84375
90.32 -0.0030704 131.15 0.61689 -0.84375
84.52 -0.0031514 130.9 0.61811 -0.85938
80.48 -0.0031924 131.22 0.61792 -0.85938
74.49 -0.0032773 133.34 0.61743 -0.85157
69.54 -0.0032859 133.53 0.61756 -0.85157
64.56 -0.0032916 133.58 0.61768 -0.85938
59.58 -0.0032849 132.52 0.61786 -0.85938
54.58 -0.0032759 131.95 0.61743 -0.85157
49.57 -0.0032983 133.95 0.61743 -0.85157
45.94 -0.0032859 133.34 0.61743 -0.84375
39.82 -0.0031443 131.75 0.61786 -0.85157
34.86 -0.0030451 130.32 0.61774 -0.85157
30.02 -0.0030074 129.89 0.61786 -0.85938
25.11 -0.0028911 129.03 0.61774 -0.84375
20.19 -0.0027161 126.57 0.61743 -0.84375
15.34 -0.0025349 125.66 0.61737 -0.82813
10.3 -0.002439 124.58 0.6175 -0.82813
5.33 -0.0023689 122.8 0.6175 -0.84375
0.42 -0.0022021 121.09 0.6178 -0.84375
-4.52 -0.0020857 119.85 0.61737 -0.84375
-9.57 -0.0020833 120.56 0.61762 -0.83594
-14.52 -0.001894 118.19 0.61743 -0.83594
-19.73 -0.0017858 116.9 0.6178 -0.83594
-25.48 -0.0016523 114.81 0.6178 -0.83594
-29.58 -0.001502 113.18 0.61743 -0.84375
-35.46 -0.0013738 111.72 0.61743 -0.82813
-39.57 -0.0013886 111.27 0.61768 -0.83594
-45.07 -0.0014482 113.73 0.61713 -0.82813
-50.15 -0.0015516 114.3 0.61713 -0.83594
-55.22 -0.0017471 117.21 0.61707 -0.82813
-59.97 -0.0018568 117.99 0.61768 -0.83594
-64.87 -0.0019217 120.56 0.61743 -0.82813
-69.8 -0.001976 120.17 0.61743 -0.83594
-74.74 -0.0021291 121.59 0.61762 -0.84375
-79.72 -0.0022907 124.51 0.6175 -0.83594
-84.89 -0.0024381 125.44 0.61768 -0.84375
-90.13 -0.0025792 127.49 0.6178 -0.82813
