Time X DEG X DEG
0 -0.00047207 92.211 0.33844 0
1.0080003 -0.00072766 93.501 0.33844 0.015625
2.0000005 -0.00080204 93.821 0.33844 0.015625
3.0000001 -0.0010548 94.985 0.33844 0.023438
4.0000003 -0.0008936 94.227 0.33844 0.015625
4.9999999 -0.0010309 94.961 0.33838 0.015625
6.0000001 -0.00089646 94.313 0.33838 0.0078126
7.0000004 -0.00089932 94.282 0.33844 0.015625
8 -0.00096989 94.641 0.33838 0.015625
9.0000002 -0.00074768 93.547 0.33844 0.015625
10 -0.00042343 91.993 0.3385 0.015625
11 -0.00016022 90.813 0.3385 0.0078126
12 -0.00039196 91.899 0.33844 0.0078126
13 -0.00040341 91.891 0.33844 0.0078126
14 -0.00053978 92.602 0.33844 0.0078126
15 -0.00041104 91.938 0.33844 0.0078126
16 -0.00082207 93.883 0.33832 0.0078126
17 -0.0005703 92.719 0.33844 0.0078126
18 -0.00073338 93.485 0.33838 0.015625
19 -0.00081063 93.891 0.33838 0.0078126
20 -0.00092411 94.297 0.33838 0.015625
21.000001 -0.00081826 93.993 0.33838 0.0078126
22 -0.001112 95.321 0.33832 0.0078126
23 -0.0010424 94.961 0.33832 0.0078126
24 -0.00078583 93.758 0.33838 0.0078126
25 -0.00074196 93.477 0.33838 0.0078126
26 -0.00060273 92.852 0.33838 0.0078126
27 -0.00067425 93.204 0.33838 0.0078126
28 -0.00067425 93.18 0.33838 0.0078126
29 -0.00072098 93.446 0.33838 0
30 -0.00071145 93.391 0.33838 0
31 -0.0008564 94.11 0.33838 0
32 -0.001298 96.172 0.33832 0.0078126
33 -0.00099469 94.719 0.33838 0.0078126
34 -0.0010901 95.172 0.33838 0.0078126
35 -0.0011854 95.618 0.33832 0
36 -0.0010996 95.219 0.33838 0
37 -0.0011902 95.594 0.33838 0
38 -0.00074482 93.54 0.33838 0
39 -0.0010748 95.102 0.33838 0
40 -0.0010948 95.219 0.33838 0.0078126
41 -0.0010796 95.047 0.33838 0.0078126
42 -0.0010567 95.04 0.33838 0
43 -0.0012322 95.805 0.33832 0
44 -0.00098611 94.641 0.33832 0.0078126
45 -0.0010529 94.969 0.33838 0
46 -0.00093747 94.469 0.33838 0.0078126
47 -0.00080014 93.782 0.33838 0
48 -0.001071 95.133 0.33832 0
49 -0.0013933 96.61 0.33832 0.0078126
50 -0.0012694 96.008 0.33832 0
51 -0.0012512 95.946 0.33832 0
52 -0.0020495 99.657 0.3382 0
53 -0.0018635 98.774 0.3382 0
54 -0.0018835 98.829 0.3382 0
55 -0.0022154 100.45 0.3382 0
56 -0.001791 98.508 0.3382 0
57 -0.002223 100.54 0.33814 0
58 -0.002266 100.62 0.3382 0
59 -0.0021668 100.25 0.3382 0
60 -0.0021248 99.993 0.3382 0
61 -0.00245 101.5 0.33814 0
62 -0.0027409 102.78 0.33814 0
63 -0.0026283 102.38 0.33814 0
64.000001 -0.0027256 102.73 0.33814 0
65 -0.002986 103.98 0.33814 0
66 -0.0029631 103.85 0.33814 0.0078126
67 -0.0032397 105.03 0.33808 0.0078126
68 -0.0027561 102.79 0.33814 0
69 -0.0029106 103.58 0.33814 0.0078126
70 -0.002697 102.64 0.33814 0.0078126
71 -0.0027218 102.69 0.33814 0.0078126
72 -0.0021753 100.34 0.33814 0
73 -0.0027561 102.97 0.33814 0
74 -0.0029955 103.95 0.33808 0.0078126
75 -0.0030441 104.13 0.33808 0.0078126
76 -0.0026627 102.48 0.33814 0.015625
77 -0.0032273 105.01 0.33808 0.015625
78 -0.0028467 103.32 0.33808 0
79 -0.0029993 103.97 0.33808 0.0078126
80 -0.0031452 104.62 0.33808 0.0078126
81 -0.0031443 104.63 0.33808 0.0078126
82 -0.0029841 103.87 0.33808 0.0078126
83 -0.0029984 103.96 0.33808 0.0078126
84 -0.0030642 104.23 0.33808 0
85 -0.003417 105.86 0.33801 0.0078126
86 -0.0034161 105.81 0.33801 0.0078126
87 -0.0037098 106.98 0.33801 0.0078126
88 -0.0034476 105.91 0.33801 0.0078126
89 -0.0038099 107.58 0.33801 0.015625
90 -0.0038595 107.77 0.33795 0.0078126
91 -0.0037928 107.4 0.33801 0.0078126
92 -0.0036783 106.92 0.33795 0.015625
93 -0.0036106 106.63 0.33795 0.015625
94 -0.0039854 108.24 0.33795 0.015625
95 -0.0040388 108.52 0.33795 0.015625
96 -0.0041428 108.92 0.33795 0.023438
97 -0.0042343 109.25 0.33795 0.015625
98 -0.0042096 109.19 0.33789 0.015625
99.000001 -0.0041332 108.84 0.33795 0.015625
100 -0.0041123 108.8 0.33789 0.023438
101 -0.004035 108.48 0.33789 0.023438
102 -0.0041514 108.94 0.33789 0.015625
103 -0.0042115 109.17 0.33789 0.015625
104 -0.0041733 109.05 0.33789 0.023438
105 -0.0040589 108.62 0.33789 0.015625
106 -0.0042801 109.45 0.33783 0.023438
107 -0.0043087 109.59 0.33783 0.023438
108 -0.0042191 109.22 0.33783 0.015625
109 -0.0043726 109.79 0.33783 0.023438
110 -0.0041113 108.77 0.33783 0.023438
111 -0.0040532 108.5 0.33783 0.023438
112 -0.0038519 107.67 0.33783 0.015625
113 -0.0038128 107.5 0.33783 0.023438
114 -0.0040398 108.42 0.33783 0.023438
115 -0.0040427 108.43 0.33783 0.023438
116 -0.0040932 108.7 0.33783 0.023438
117 -0.0042315 109.27 0.33783 0.015625
118 -0.0040493 108.56 0.33783 0.023438
119 -0.0044346 110.13 0.33777 0.023438
120 -0.0044699 110.2 0.33777 0.023438
121 -0.0042715 109.52 0.33777 0.015625
122 -0.0042286 109.23 0.33777 0.023438
123 -0.0042286 109.2 0.33777 0.015625
124 -0.0042324 109.27 0.33777 0.023438
125 -0.0043517 109.79 0.33777 0.015625
126 -0.004324 109.69 0.33777 0.023438
127 -0.0041981 109.04 0.33777 0.023438
128 -0.0042324 109.29 0.33777 0.015625
129 -0.0042792 109.48 0.33777 0.023438
130 -0.004304 109.59 0.33777 0.023438
131 -0.0046196 110.83 0.33771 0.023438
132 -0.0043297 109.63 0.33771 0.015625
133 -0.0043841 109.87 0.33771 0.015625
134 -0.004592 110.66 0.33771 0.015625
135 -0.0044556 110.14 0.33771 0.015625
136 -0.0043669 109.77 0.33771 0.015625
137 -0.0043392 109.66 0.33771 0.015625
138 -0.0042954 109.51 0.33771 0.015625
139 -0.0045138 110.44 0.33771 0.015625
140 -0.0045472 110.56 0.33771 0.0078126
141 -0.0044623 110.16 0.33771 0.015625
142 -0.0045214 110.52 0.33771 0.015625
143 -0.0047722 111.39 0.33765 0.023438
144 -0.0047064 111.15 0.33765 0.015625
145 -0.0050774 112.6 0.33765 0.015625
146 -0.0048104 111.59 0.33765 0.015625
147 -0.0050755 112.61 0.33765 0.015625
148 -0.0051546 112.83 0.33765 0.015625
149 -0.0049992 112.35 0.33765 0.0078126
150 -0.005352 113.81 0.33759 0.015625
151 -0.0053835 113.85 0.33759 0.015625
152 -0.0054741 114.18 0.33759 0.023438
153 -0.0053721 113.8 0.33759 0.015625
154 -0.0054541 114.18 0.33759 0.015625
155 -0.0053244 113.61 0.33759 0.023438
156 -0.0051689 113.12 0.33759 0.0078126
157 -0.0051947 113.14 0.33753 0.0078126
158 -0.0055228 114.52 0.33753 0.015625
159 -0.0054779 114.23 0.33753 0.015625
160 -0.0053406 113.73 0.33753 0.015625
161 -0.0056162 114.8 0.33747 0.023438
162 -0.0054217 114.02 0.33753 0.015625
163 -0.0055447 114.46 0.33753 0.015625
164 -0.005312 113.63 0.33753 0.015625
165 -0.0051174 112.81 0.33753 0.015625
166 -0.0052481 113.34 0.33753 0.0078126
167 -0.0052681 113.38 0.33753 0.0078126
168 -0.005126 112.87 0.33753 0.015625
169 -0.004921 112.01 0.33759 0.015625
170 -0.0046244 110.92 0.33759 0.0078126
171 -0.0052223 113.23 0.33753 0
172 -0.0049591 112.1 0.33753 0.0078126
173 -0.0054512 114.15 0.33747 0.0078126
174 -0.0053063 113.53 0.33747 0
175 -0.0051051 112.74 0.33753 0
176 -0.0053387 113.79 0.33747 0.0078126
177 -0.0055943 114.63 0.33747 0.0078126
178 -0.0054913 114.19 0.33747 0.0078126
179 -0.0053254 113.67 0.33747 0
180 -0.0050335 112.42 0.33753 0
181 -0.0047837 111.48 0.33759 0
182 -0.0051775 113.02 0.33747 0
183 -0.0047283 111.2 0.33759 0
184 -0.0051842 113.02 0.33753 0
185 -0.0052777 113.44 0.33753 0
186 -0.005002 112.32 0.33753 0
187 -0.0050249 112.39 0.33753 0
188 -0.0052309 113.29 0.33747 -0.0078126
189 -0.0055352 114.38 0.33747 0
190 -0.0054293 113.92 0.33747 -0.0078126
191 -0.0054427 114.03 0.33747 0
192 -0.0056877 114.98 0.33747 -0.0078126
193 -0.0059348 115.99 0.3374 -0.0078126
194 -0.0061779 116.89 0.3374 0
195 -0.0060768 116.49 0.3374 0
196 -0.0063706 117.52 0.3374 0
197 -0.0059538 116.02 0.3374 0
198 -0.0059195 115.81 0.3374 0
199 -0.0051661 112.79 0.33747 0
200 -0.0054646 114.06 0.33747 0
201 -0.0056801 115.02 0.3374 0
202 -0.0058012 115.38 0.3374 0
203 -0.0051956 112.99 0.33747 -0.0078126
204 -0.005476 114.2 0.3374 0
205 -0.0059176 115.92 0.33734 -0.0078126
206 -0.0057898 115.37 0.33734 0
207 -0.0056792 114.88 0.33734 -0.015625
208 -0.0057612 115.3 0.3374 -0.0078126
209 -0.0060778 116.6 0.33734 0
210 -0.0057288 115.27 0.3374 -0.0078126
211 -0.0062323 116.94 0.33734 -0.0078126
212 -0.0065241 118.13 0.33728 -0.0078126
213 -0.0065727 118.27 0.33734 0
214 -0.0067559 118.93 0.33728 0
215 -0.0063057 117.34 0.33728 -0.0078126
216 -0.0065899 118.37 0.33728 -0.0078126
217 -0.0066948 118.81 0.33728 0
218 -0.0063668 117.58 0.33728 -0.0078126
219 -0.0062733 117.17 0.33728 -0.0078126
220 -0.0064078 117.8 0.33728 -0.0078126
221 -0.0065689 118.24 0.33728 -0.015625
222 -0.0065165 118.13 0.33728 -0.0078126
223 -0.0063582 117.57 0.33728 -0.0078126
224 -0.0061293 116.78 0.33728 -0.015625
225 -0.0060625 116.55 0.33728 -0.0078126
226 -0.0063219 117.45 0.33728 -0.023438
227 -0.0065546 118.11 0.33722 -0.015625
228 -0.0065012 118.02 0.33722 -0.015625
229 -0.0065394 118.16 0.33728 -0.015625
