270 0.00026417 -85.079 0.66999 -0.49219
264.98 0.0004406 -81.876 0.66944 -0.49219
260.11 0.00066853 -77.79 0.66944 -0.5
255.18 0.00083352 -74.196 0.6698 -0.50782
250.27 0.0011339 -69.251 0.66944 -0.51563
245.33 0.0012522 -66.977 0.66938 -0.50782
240.37 0.0014219 -63.813 0.66944 -0.50782
235.27 0.0015497 -61.711 0.66987 -0.52344
230.29 0.0017347 -58.875 0.66925 -0.51563
225.27 0.0018931 -56.149 0.66987 -0.52344
220.35 0.0019093 -54.992 0.67023 -0.5
215.31 0.0019951 -54.617 0.66962 -0.49219
210.4 0.0020399 -53.508 0.66956 -0.51563
205.5 0.0020228 -53.321 0.66999 -0.48438
200.43 0.0020399 -53.219 0.67011 -0.50782
195.44 0.0020418 -53.61 0.66962 -0.5
190.25 0.0019875 -53.985 0.6698 -0.52344
185.25 0.0019293 -54.492 0.67048 -0.49219
179.86 0.0018721 -56.235 0.66938 -0.51563
174.8 0.001751 -58.719 0.66913 -0.53125
169.87 0.0016651 -59.289 0.66944 -0.5
164.84 0.001544 -60.766 0.66938 -0.51563
159.94 0.0014544 -63.188 0.66877 -0.51563
154.84 0.00136 -64.555 0.66901 -0.52344
149.99 0.0011797 -66.79 0.66962 -0.5
144.98 0.0011072 -69.032 0.66852 -0.52344
140.01 0.0010061 -70.594 0.66864 -0.52344
135.23 0.00089837 -72.336 0.66907 -0.51563
130.09 0.00082398 -73.782 0.66919 -0.51563
124.98 0.00069332 -76.258 0.66864 -0.50782
120.06 0.00066662 -76.657 0.66877 -0.52344
115.31 0.00053978 -78.954 0.66931 -0.52344
110.14 0.00061989 -77.633 0.66871 -0.53907
105.31 0.00051594 -79.61 0.66864 -0.52344
100.09 0.00057125 -78.266 0.66871 -0.53125
95.07 0.00066758 -76.376 0.66871 -0.5
89.89 0.00081826 -73.532 0.6681 -0.50782
84.77 0.00086213 -72.219 0.66877 -0.50782
79.63 0.0010367 -68.516 0.66889 -0.52344
74.74 0.0012732 -63.953 0.66858 -0.47656
69.79 0.0014267 -60.602 0.66871 -0.52344
64.89 0.0016127 -57.032 0.66895 -0.48438
59.93 0.001771 -54.883 0.66907 -0.51563
54.95 0.0019007 -53.063 0.66877 -0.51563
50 0.0019436 -51.735 0.66901 -0.50782
45.1 0.0019636 -50.172 0.66993 -0.49219
40.09 0.0019779 -51.258 0.66919 -0.46875
35.09 0.0020533 -48.75 0.66974 -0.49219
30.23 0.0020857 -47.907 0.67023 -0.50782
25.26 0.0020714 -48.149 0.67011 -0.5
20.3 0.002142 -48.227 0.66895 -0.53125
15.37 0.0019617 -50.016 0.66974 -0.49219
10.13 0.0019112 -50.172 0.67011 -0.49219
5.16 0.0019131 -51.555 0.66913 -0.5
-0.02 0.0017653 -53.477 0.66907 -0.5
-5.02 0.0015125 -56.453 0.67017 -0.5
-9.97 0.0015221 -56.828 0.66974 -0.48438
-15.05 0.0014925 -57.953 0.66871 -0.54688
-19.94 0.0012159 -63.102 0.66938 -0.5
-24.77 0.0011053 -65.219 0.66968 -0.52344
-29.82 0.001029 -66.844 0.66919 -0.51563
-34.69 0.00094033 -68.501 0.66883 -0.51563
-39.65 0.00072194 -73.29 0.66925 -0.49219
-44.54 0.00069905 -73.954 0.66925 -0.5
-49.55 0.00049305 -77.969 0.66919 -0.49219
-54.52 0.0004406 -79.235 0.66925 -0.52344
-60.43 0.00040817 -80.36 0.66901 -0.52344
-65.36 0.00047207 -79.368 0.66785 -0.51563
-70.36 0.00030041 -82.415 0.6695 -0.49219
-75.42 0.00029469 -82.43 0.66925 -0.52344
-80.46 0.00035668 -81.485 0.66883 -0.52344
-85.42 0.00045586 -78.876 0.66834 -0.53125
-90 0.00036717 -80.555 0.66925 -0.50782
270 0.0004158 -79.243 0.66883 -0.51563
264.98 0.00054646 -76.032 0.6695 -0.5
260.11 0.00080681 -70.04 0.66907 -0.51563
255.18 0.0009842 -65.141 0.66871 -0.46875
250.27 0.0010843 -62.68 0.66907 -0.50782
245.33 0.0013037 -58.735 0.66901 -0.49219
240.37 0.0014753 -54.828 0.66846 -0.52344
235.27 0.0015745 -51.633 0.66925 -0.52344
230.29 0.0015879 -50.289 0.66974 -0.49219
225.27 0.0017491 -48.797 0.66883 -0.49219
220.35 0.0017481 -47.953 0.66913 -0.50782
215.31 0.0017996 -47.477 0.66919 -0.5
210.4 0.0018673 -46.266 0.66889 -0.51563
205.5 0.0018072 -46.875 0.66877 -0.46875
200.43 0.0017996 -46.375 0.66901 -0.51563
195.44 0.00171 -48.032 0.66907 -0.49219
190.25 0.0018244 -47.328 0.6681 -0.49219
185.25 0.001729 -48.524 0.66834 -0.49219
179.86 0.0015621 -50.891 0.66858 -0.5
174.8 0.0014877 -51.797 0.66877 -0.5
169.87 0.0015526 -51.875 0.66773 -0.51563
164.84 0.0013504 -55.453 0.6681 -0.53125
159.94 0.0011368 -59.922 0.66864 -0.51563
154.84 0.0010748 -61.375 0.66828 -0.50782
149.99 0.00096512 -64.251 0.66816 -0.51563
144.98 0.00075245 -68.633 0.6684 -0.52344
140.01 0.00076676 -69.665 0.66803 -0.52344
135.23 0.00059796 -72.922 0.66803 -0.53125
130.09 0.00048065 -76.055 0.66816 -0.5
124.98 0.00028801 -81.876 0.66846 -0.52344
120.06 0.00033856 -80.516 0.66779 -0.53125
115.31 0.00011253 -86.477 0.66816 -0.49219
110.14 1.4305E-5 -89.54 0.66846 -0.51563
105.31 0.00021267 -84.383 0.66736 -0.5
100.09 0.00014401 -85.477 0.66742 -0.52344
95.07 -4.7684E-6 -89.883 0.66797 -0.53125
89.89 0.00017262 -85.11 0.66773 -0.50782
84.77 0.0003624 -79.172 0.66712 -0.52344
79.63 0.00037575 -78.196 0.66761 -0.53125
74.74 0.00042057 -76.547 0.66816 -0.5
69.79 0.00077248 -66.665 0.66773 -0.52344
64.89 0.00092793 -61.336 0.66742 -0.52344
59.93 0.00088597 -61.742 0.66803 -0.49219
54.95 0.0011225 -56.61 0.66785 -0.49219
50 0.0011654 -55.157 0.66767 -0.52344
45.1 0.0011139 -55.571 0.66803 -0.5
40.09 0.0011215 -54.516 0.66834 -0.49219
35.09 0.0012064 -52.477 0.66803 -0.49219
30.23 0.0013008 -50.18 0.66773 -0.50782
25.26 0.0012808 -50.242 0.66761 -0.49219
20.3 0.0012884 -51.578 0.66748 -0.5
15.37 0.0012026 -52.563 0.66785 -0.51563
10.13 0.0010786 -55.125 0.66828 -0.52344
5.16 0.0011358 -54.696 0.66761 -0.52344
-0.02 0.001029 -57.797 0.66767 -0.51563
-5.02 0.00073719 -64.61 0.66797 -0.51563
-9.97 0.00065232 -68.118 0.66773 -0.5
-15.05 0.0006094 -70.094 0.66724 -0.49219
-19.94 0.00056172 -71.04 0.6673 -0.54688
-24.77 0.00036907 -77.735 0.66742 -0.55469
-29.82 0.00018978 -83.047 0.66736 -0.54688
-34.69 0.00013638 -85.344 0.66712 -0.57032
-39.65 -9.7275E-5 -93.422 0.66755 -0.53125
-44.54 -0.00013352 -94.61 0.66681 -0.53125
-49.55 -0.00025082 -98.321 0.66687 -0.54688
-54.52 -0.00047875 -105.81 0.66687 -0.53907
-60.43 -0.00066376 -111.61 0.667 -0.52344
-65.36 -0.00073815 -113.7 0.66687 -0.53907
-70.36 -0.00080586 -116.03 0.667 -0.53907
-75.42 -0.00082493 -116 0.66681 -0.54688
-80.46 -0.00080586 -116.68 0.66681 -0.52344
-85.42 -0.00063134 -111.17 0.66614 -0.5625
-90 -0.00084019 -117.11 0.66669 -0.54688
270 -0.0006876 -113.45 0.66626 -0.57032
264.98 -0.00057412 -110.14 0.66651 -0.54688
260.11 -0.00029564 -100.28 0.66571 -0.55469
255.18 -0.00021553 -97.204 0.66565 -0.54688
250.27 -0.00019741 -97.657 0.6662 -0.52344
245.33 2.9564E-5 -88.985 0.6662 -0.54688
240.37 0.00010014 -85.329 0.66577 -0.54688
235.27 0.00034714 -76.719 0.66571 -0.57032
230.29 0.00043106 -73.961 0.66553 -0.55469
225.27 0.00069046 -64.946 0.66547 -0.55469
220.35 0.00050068 -70.11 0.6659 -0.55469
215.31 0.00055695 -68.032 0.66626 -0.54688
210.4 0.0007515 -62.516 0.66565 -0.54688
205.5 0.00075722 -60.75 0.66541 -0.58594
200.43 0.00040531 -73.18 0.66651 -0.57032
195.44 0.00069905 -64.016 0.6659 -0.53907
190.25 0.00070191 -64.055 0.66523 -0.58594
185.25 0.00032807 -76.032 0.66632 -0.55469
179.86 0.00026322 -80.071 0.66632 -0.55469
174.8 0.00026989 -79.805 0.6659 -0.57032
169.87 0.0002718 -78.211 0.66559 -0.57032
164.84 0.00016308 -84.001 0.6659 -0.60157
159.94 -3.3379E-5 -91.961 0.66602 -0.60157
154.84 4.7684E-5 -87.852 0.66535 -0.57813
149.99 -0.00035668 -102.97 0.6659 -0.57032
144.98 -0.00056935 -111.59 0.6662 -0.59375
140.01 -0.00047207 -107.87 0.66565 -0.54688
135.23 -0.00077439 -116.99 0.66596 -0.59375
130.09 -0.00091267 -120.99 0.66626 -0.55469
124.98 -0.0010548 -125.09 0.66626 -0.5625
120.06 -0.0011873 -128.65 0.66614 -0.57032
115.31 -0.0013771 -132.59 0.66639 -0.57813
110.14 -0.0014095 -133.61 0.66645 -0.57032
105.31 -0.0014095 -133.96 0.66626 -0.54688
100.09 -0.0016766 -140.5 0.66663 -0.57813
95.07 -0.0015898 -137.63 0.66639 -0.5625
89.89 -0.001606 -138.62 0.66657 -0.5625
84.77 -0.0012894 -132.2 0.66614 -0.57813
79.63 -0.0011292 -129.35 0.66614 -0.57032
74.74 -0.0010147 -127.09 0.66632 -0.57032
69.79 -0.0006876 -116.71 0.66571 -0.57032
64.89 -0.00071526 -117.79 0.66608 -0.58594
59.93 -0.00062085 -115.26 0.66632 -0.57032
54.95 -0.00041008 -107.94 0.66602 -0.55469
50 -0.00021267 -98.344 0.66529 -0.57032
45.1 -0.00030136 -102.72 0.66596 -0.60157
40.09 -0.00028992 -103.56 0.66602 -0.57032
35.09 0.00023079 -80.563 0.6648 -0.60938
30.23 2.1935E-5 -87.633 0.66516 -0.57032
25.26 -0.00013065 -96.204 0.66553 -0.57032
20.3 -5.9128E-5 -93.532 0.66516 -0.59375
15.37 0.00010395 -84.766 0.66431 -0.60157
10.13 -0.0004797 -110.27 0.66553 -0.60157
5.16 -0.00023651 -101.06 0.66492 -0.57813
-0.02 -0.00020981 -98.946 0.66456 -0.61719
-5.02 -0.00047875 -108.48 0.66492 -0.59375
-9.97 -0.0005312 -111.45 0.66486 -0.60157
-15.05 -0.00058842 -112.75 0.66456 -0.57032
-19.94 -0.00054741 -109.96 0.66376 -0.60938
-24.77 -0.0010233 -125.55 0.66468 -0.60938
-29.82 -0.001174 -130.09 0.66486 -0.625
-34.69 -0.0009079 -121.91 0.66394 -0.58594
-39.65 -0.0015278 -136.27 0.66474 -0.625
-44.54 -0.0015526 -137.93 0.6648 -0.61719
-49.55 -0.0015602 -137.4 0.66419 -0.60938
-54.52 -0.0016117 -136.07 0.6637 -0.60157
-60.43 -0.0020895 -146.44 0.66468 -0.60157
-65.36 -0.0019493 -143.5 0.66425 -0.61719
-70.36 -0.0018997 -142.97 0.66401 -0.60157
-75.42 -0.0020991 -145.61 0.66401 -0.60157
-80.46 -0.0023041 -148.8 0.66456 -0.58594
-85.42 -0.0023213 -149.88 0.66474 -0.57813
-90 -0.0019674 -144.59 0.66364 -0.57032
