Alpha(210mT) X DEG X DEG
270 0.0019226 74.383 0.60059 -0.77344
264.98 0.0013638 78.915 0.60059 -0.76563
260.11 0.00084496 83.118 0.60071 -0.77344
255.18 0.00098992 81.735 0.60065 -0.76563
250.27 0.00074959 83.836 0.60077 -0.77344
245.33 0.0004406 86.586 0.60083 -0.77344
240.37 0.00012589 88.961 0.60089 -0.78125
235.27 0.00017738 88.594 0.60096 -0.76563
230.29 0.0003643 87.297 0.60108 -0.78125
225.27 -0.0004139 93.313 0.60102 -0.78125
220.35 1.1444E-5 89.876 0.60114 -0.78125
215.31 0.00032234 87.438 0.6012 -0.78125
210.4 0.00029755 87.571 0.60126 -0.78125
205.5 0.00058556 85.172 0.60132 -0.78125
200.43 0.00068856 84.243 0.60132 -0.77344
195.44 0.00087357 82.79 0.60144 -0.78125
190.25 0.0015431 77.407 0.60151 -0.78125
185.25 0.0017147 75.961 0.60163 -0.78125
179.86 0.0024319 70.665 0.60163 -0.78125
174.8 0.0027733 68.11 0.60157 -0.77344
169.87 0.0027886 67.899 0.60157 -0.78125
164.84 0.0031338 65.282 0.60157 -0.76563
159.94 0.0034504 63.453 0.60175 -0.76563
154.84 0.0037766 61.375 0.60181 -0.75782
149.99 0.0038948 60.477 0.60181 -0.75782
144.98 0.0033703 63.735 0.60193 -0.77344
140.01 0.0037918 61.258 0.60199 -0.76563
135.23 0.0039597 59.907 0.60199 -0.75
130.09 0.0035801 62.391 0.60218 -0.76563
124.98 0.0037041 61.891 0.6023 -0.77344
120.06 0.0035458 63.016 0.60236 -0.77344
115.31 0.0029564 66.946 0.60242 -0.76563
110.14 0.0030537 66.399 0.60254 -0.78125
105.31 0.0029488 67.102 0.6026 -0.77344
100.09 0.0028439 68.11 0.60254 -0.77344
95.07 0.0016613 76.774 0.60254 -0.77344
89.89 0.0012436 80.094 0.60273 -0.78125
84.77 0.0012322 80.133 0.60273 -0.76563
79.63 0.00092698 82.227 0.60279 -0.77344
74.74 0.00069809 84.336 0.60297 -0.76563
69.79 0.00024033 88.079 0.60303 -0.78125
64.89 -0.00034332 92.665 0.60297 -0.77344
59.93 -1.3352E-5 90.141 0.60303 -0.78125
54.95 0.00014877 88.758 0.60315 -0.78125
50 0.00030899 87.532 0.60309 -0.75782
45.1 -0.00019074 91.508 0.60327 -0.78125
40.09 -6.485E-5 90.547 0.60327 -0.76563
35.09 0.00048638 86.102 0.60334 -0.78125
30.23 0.00095559 82.102 0.6034 -0.77344
25.26 0.00070763 84.086 0.6034 -0.78125
20.3 0.00011826 89.126 0.60346 -0.78125
15.37 0.00098611 82.024 0.6034 -0.77344
10.13 0.0016575 76.305 0.60364 -0.78125
5.16 0.0018082 75.532 0.60358 -0.76563
-0.02 0.0020085 74.079 0.60376 -0.77344
-5.02 0.0023747 71.157 0.6037 -0.76563
-9.97 0.0028134 67.961 0.60376 -0.77344
-15.05 0.0028134 68.032 0.60389 -0.77344
-19.94 0.0035553 62.844 0.60395 -0.77344
-24.77 0.004469 57 0.60401 -0.77344
-29.82 0.0037842 60.953 0.60407 -0.76563
-34.69 0.0036087 62.539 0.60419 -0.78907
-39.65 0.0040703 59.289 0.60413 -0.78125
-44.54 0.0039635 60.071 0.60419 -0.78125
-49.55 0.0042649 58.86 0.60431 -0.77344
-54.52 0.0042954 58.383 0.60431 -0.77344
-60.43 0.0034828 63.375 0.60419 -0.76563
-65.36 0.0039482 60.672 0.60437 -0.78125
-70.36 0.004591 56.664 0.60431 -0.75782
-75.42 0.0040799 59.492 0.60431 -0.77344
-80.46 0.0037613 61.453 0.60437 -0.76563
-85.42 0.0032826 64.547 0.6045 -0.76563
-90 0.0037842 61.438 0.6045 -0.76563
270 0.0038567 60.657 0.60456 -0.75782
264.98 0.0035515 62.727 0.60456 -0.76563
260.11 0.0034981 63.485 0.60468 -0.75782
255.18 0.0038052 61.375 0.60468 -0.75782
250.27 0.0030728 66.165 0.60474 -0.76563
245.33 0.0030747 66.461 0.60492 -0.75782
240.37 0.0033398 64.407 0.60486 -0.75782
235.27 0.004385 57.891 0.60486 -0.76563
230.29 0.0032215 65.133 0.60486 -0.75
225.27 0.0040608 59.641 0.60505 -0.75782
220.35 0.0042057 59.032 0.60511 -0.75782
215.31 0.0043869 57.703 0.60517 -0.75
210.4 0.0043087 58.203 0.60511 -0.75782
205.5 0.0042897 58.024 0.60511 -0.75
200.43 0.0044766 56.883 0.60511 -0.75
195.44 0.0054398 51.633 0.60511 -0.75
190.25 0.0053063 52.461 0.60523 -0.75
185.25 0.0055485 51.172 0.60523 -0.75
179.86 0.0057907 49.696 0.60517 -0.75782
174.8 0.0066281 45.774 0.60523 -0.75
169.87 0.0069313 44.594 0.60523 -0.75782
164.84 0.0075264 42.094 0.60535 -0.75
159.94 0.0078946 40.774 0.60541 -0.75782
154.84 0.0079957 40.946 0.60553 -0.75782
149.99 0.0080357 40.727 0.6056 -0.76563
144.98 0.0083314 39.586 0.6056 -0.75
140.01 0.0082913 39.703 0.60572 -0.75
135.23 0.0084115 39.586 0.60584 -0.75782
130.09 0.0084382 39.313 0.60578 -0.75782
124.98 0.0082913 39.852 0.60584 -0.74219
120.06 0.007927 41.235 0.60596 -0.75
115.31 0.0079766 41.149 0.60608 -0.75782
110.14 0.008236 40.305 0.60614 -0.75782
105.31 0.0077935 41.844 0.60621 -0.75
100.09 0.0072136 44.063 0.60621 -0.75782
95.07 0.0076428 42.508 0.60621 -0.75
89.89 0.006464 46.883 0.60627 -0.75
84.77 0.0062065 48.508 0.60657 -0.77344
79.63 0.0061531 48.508 0.60639 -0.75
74.74 0.005867 50.086 0.60639 -0.75
69.79 0.005518 51.867 0.60669 -0.75
64.89 0.0051918 53.742 0.60669 -0.75782
59.93 0.0049515 54.867 0.60669 -0.75
54.95 0.0058213 50.125 0.60694 -0.75
50 0.0051747 53.672 0.607 -0.75782
45.1 0.0043202 58.086 0.607 -0.75
40.09 0.0047226 55.922 0.60706 -0.75
35.09 0.0051384 53.547 0.60712 -0.75782
30.23 0.0050392 54.063 0.60712 -0.75782
25.26 0.0059014 49.532 0.60724 -0.73438
20.3 0.0054627 51.524 0.60737 -0.75
15.37 0.0058613 49.828 0.60749 -0.75782
10.13 0.0063954 47.157 0.60749 -0.75
5.16 0.0066052 46.157 0.60761 -0.75
-0.02 0.0070896 44.422 0.60767 -0.75
-5.02 0.0075817 42.399 0.60779 -0.75
-9.97 0.0080357 40.766 0.60779 -0.76563
-15.05 0.0082989 39.797 0.60785 -0.75
-19.94 0.008194 40.203 0.60798 -0.75782
-24.77 0.0086346 38.961 0.60798 -0.75782
-29.82 0.0081292 40.219 0.60804 -0.77344
-34.69 0.0079041 41.469 0.60816 -0.77344
-39.65 0.0077324 41.907 0.60822 -0.76563
-44.54 0.0082779 40.094 0.60834 -0.77344
-49.55 0.0082169 40.18 0.60852 -0.78125
-54.52 0.0080758 40.594 0.60865 -0.78907
-60.43 0.0078393 41.5 0.60865 -0.78125
-65.36 0.0078736 41.477 0.60865 -0.78125
-70.36 0.0075417 43.024 0.60889 -0.78125
-75.42 0.0075035 43.008 0.60883 -0.78125
-80.46 0.007433 43.016 0.60877 -0.78125
-85.42 0.0075932 42.836 0.60895 -0.78125
-90 0.0069542 45.375 0.60901 -0.78125
270 0.0074368 43.274 0.60907 -0.78125
264.98 0.0072613 44.157 0.6092 -0.78907
260.11 0.0068856 45.328 0.6092 -0.79688
255.18 0.006567 46.813 0.60932 -0.78907
250.27 0.0070038 44.86 0.60932 -0.78125
245.33 0.0069924 44.907 0.60944 -0.78907
240.37 0.0069199 44.907 0.60944 -0.78125
235.27 0.0066681 46.078 0.60956 -0.78125
230.29 0.0071278 44.071 0.60956 -0.78125
225.27 0.007145 43.524 0.60956 -0.78125
220.35 0.0073853 43 0.60975 -0.77344
215.31 0.0077896 41.524 0.60981 -0.78125
210.4 0.0075894 41.969 0.60981 -0.77344
205.5 0.0080147 40.313 0.60987 -0.76563
200.43 0.0090924 36.946 0.60999 -0.75782
195.44 0.0089932 36.961 0.60999 -0.77344
190.25 0.0093651 36 0.60993 -0.76563
185.25 0.0095978 35.594 0.60987 -0.76563
179.86 0.0097943 35 0.60999 -0.78125
174.8 0.010168 33.969 0.60987 -0.77344
169.87 0.010332 33.407 0.60993 -0.76563
164.84 0.010861 32.274 0.61011 -0.78125
159.94 0.010895 32.024 0.61011 -0.78125
154.84 0.011126 31.281 0.60993 -0.75
149.99 0.011721 30.305 0.61017 -0.75782
144.98 0.011936 29.61 0.61011 -0.75782
140.01 0.0122 29.313 0.61011 -0.75
135.23 0.011812 30.235 0.61029 -0.78907
130.09 0.012186 29.188 0.61029 -0.75782
124.98 0.012058 29.735 0.61029 -0.77344
120.06 0.011648 30.586 0.61036 -0.76563
115.31 0.012108 29.797 0.61042 -0.76563
110.14 0.011345 31.602 0.61048 -0.77344
105.31 0.011518 31.008 0.61048 -0.77344
100.09 0.011038 31.914 0.61054 -0.75782
95.07 0.01079 32.813 0.61072 -0.76563
89.89 0.010145 34.36 0.6106 -0.75782
84.77 0.0098935 34.914 0.61072 -0.75782
79.63 0.0096894 35.414 0.61091 -0.76563
74.74 0.0099545 34.696 0.61097 -0.75782
69.79 0.0093251 36.407 0.61103 -0.75782
64.89 0.0087948 38.149 0.61127 -0.78125
59.93 0.0094243 35.992 0.61139 -0.77344
54.95 0.0094052 36.274 0.61145 -0.78125
50 0.0097504 35.242 0.61151 -0.77344
45.1 0.009554 35.828 0.61164 -0.78125
40.09 0.0093404 36.203 0.61164 -0.78125
35.09 0.0092221 36.508 0.61158 -0.76563
30.23 0.0095845 35.766 0.6117 -0.76563
25.26 0.0097924 35.321 0.61182 -0.77344
20.3 0.010189 33.883 0.61188 -0.77344
15.37 0.010075 34.016 0.61194 -0.77344
10.13 0.010813 32.297 0.612 -0.75
5.16 0.011091 32.063 0.61213 -0.77344
-0.02 0.011448 31.078 0.61219 -0.78125
-5.02 0.011938 30.149 0.61219 -0.75782
-9.97 0.012478 29.125 0.61231 -0.76563
-15.05 0.012684 28.422 0.61237 -0.77344
-19.94 0.012884 28.492 0.61255 -0.78907
-24.77 0.013174 27.813 0.61255 -0.78125
-29.82 0.013523 27.344 0.61261 -0.76563
-34.69 0.013666 27.07 0.61267 -0.77344
-39.65 0.013794 26.82 0.6128 -0.78125
-44.54 0.013649 27.305 0.61298 -0.78125
-49.55 0.014401 25.711 0.61292 -0.77344
-54.52 0.014168 26.156 0.61304 -0.78907
-60.43 0.013992 26.406 0.61304 -0.78125
-65.36 0.013983 26.258 0.6131 -0.79688
-70.36 0.01399 26.016 0.61316 -0.76563
-75.42 0.013449 26.906 0.61316 -0.75
-80.46 0.013043 27.672 0.61322 -0.75782
-85.42 0.013495 27.094 0.61322 -0.75
-90 0.012737 28.516 0.61328 -0.76563
270 0.012222 29.375 0.61353 -0.76563
264.98 0.0124 29.07 0.61353 -0.75
260.11 0.011948 30.227 0.61347 -0.76563
255.18 0.011768 30.399 0.61341 -0.76563
250.27 0.011456 31 0.61359 -0.76563
245.33 0.01157 31.031 0.61371 -0.75
240.37 0.011091 32.078 0.61377 -0.75782
235.27 0.010742 32.961 0.61365 -0.76563
230.29 0.011313 31.633 0.61353 -0.77344
225.27 0.011644 30.055 0.61322 -0.75
220.35 0.011143 30.867 0.61335 -0.75
215.31 0.011877 29.258 0.61347 -0.75782
210.4 0.011961 28.883 0.61341 -0.75
205.5 0.012322 28.313 0.61353 -0.75
200.43 0.012245 28.414 0.61371 -0.75
195.44 0.012684 27.742 0.61402 -0.75
190.25 0.012962 27.242 0.61414 -0.75
185.25 0.013357 26.336 0.61414 -0.74219
179.86 0.013271 26.875 0.61457 -0.75
174.8 0.013138 27.063 0.61463 -0.76563
169.87 0.012945 27.672 0.61499 -0.75782
164.84 0.012745 28.141 0.61536 -0.76563
159.94 0.012846 27.508 0.6156 -0.77344
154.84 0.013016 27.211 0.61579 -0.78125
149.99 0.012745 27.688 0.61615 -0.78907
144.98 0.013197 26.86 0.61646 -0.78907
140.01 0.012932 27.32 0.61676 -0.79688
135.23 0.012674 27.953 0.61707 -0.82032
130.09 0.01218 29.32 0.6175 -0.85938
124.98 0.011871 30.078 0.6178 -0.85938
120.06 0.011948 30.289 0.61799 -0.89063
115.31 0.011301 31.953 0.61829 -0.90625
110.14 0.011625 30.82 0.61823 -0.88282
105.31 0.011156 32.485 0.61847 -0.91407
100.09 0.01067 34.024 0.61866 -0.92969
95.07 0.010479 34.828 0.61884 -0.92969
89.89 0.010429 34.321 0.61872 -0.89844
84.77 0.0099869 36.071 0.61884 -0.90625
79.63 0.0099164 35.852 0.61884 -0.90625
74.74 0.0092145 39.164 0.61927 -0.95313
69.79 0.0092602 38.602 0.61921 -0.92969
64.89 0.0090962 38.555 0.61914 -0.92188
59.93 0.0089131 39.485 0.61927 -0.90625
54.95 0.008976 39.774 0.61945 -0.9375
50 0.0088177 39.883 0.61939 -0.91407
45.1 0.0091935 38.93 0.61963 -0.9375
40.09 0.0091363 38.907 0.61976 -0.92188
35.09 0.0091229 39.055 0.61982 -0.9375
30.23 0.0095635 37.235 0.61976 -0.90625
25.26 0.0093842 38.047 0.62006 -0.91407
20.3 0.0098439 36.735 0.62006 -0.90625
15.37 0.0099564 35.805 0.62 -0.90625
10.13 0.010843 33.508 0.62 -0.89063
5.16 0.010649 34.203 0.62024 -0.90625
-0.02 0.011038 33.055 0.62018 -0.89844
-5.02 0.011242 32.313 0.62018 -0.88282
-9.97 0.011696 30.914 0.62012 -0.86719
-15.05 0.011976 31.024 0.62037 -0.90625
-19.94 0.012264 30.156 0.62043 -0.90625
-24.77 0.01257 28.766 0.62024 -0.85938
-29.82 0.012495 29.219 0.62049 -0.88282
-34.69 0.012556 29.031 0.62043 -0.88282
-39.65 0.013062 28.125 0.62043 -0.875
-44.54 0.012842 28.281 0.62049 -0.875
-49.55 0.012939 28.445 0.62061 -0.88282
-54.52 0.012733 28.664 0.62061 -0.875
-60.43 0.013035 27.61 0.62049 -0.85157
-65.36 0.012262 29.375 0.62079 -0.85938
-70.36 0.012117 30.039 0.62073 -0.875
-75.42 0.012184 29.547 0.62073 -0.85938
-80.46 0.011534 31.102 0.62098 -0.85938
-85.42 0.011793 30.344 0.62079 -0.82813
-90 0.011047 32.032 0.62073 -0.82813
270 0.011585 30.914 0.62073 -0.82813
264.98 0.011091 31.953 0.62098 -0.82813
260.11 0.010527 33.797 0.62116 -0.83594
255.18 0.010529 33.641 0.6211 -0.82032
250.27 0.010845 32.477 0.62104 -0.80469
245.33 0.0098401 35.68 0.62122 -0.82813
240.37 0.0098115 35.86 0.62122 -0.82813
235.27 0.009636 36.094 0.62104 -0.8125
230.29 0.0092946 37.078 0.62128 -0.8125
225.27 0.0091496 37.86 0.62152 -0.82813
220.35 0.0094662 37.157 0.6214 -0.82813
215.31 0.009594 36.469 0.6214 -0.8125
210.4 0.0098305 35.625 0.62146 -0.8125
205.5 0.0097409 35.992 0.6214 -0.82032
200.43 0.009821 35.852 0.62128 -0.82813
195.44 0.01022 34.032 0.62134 -0.82032
190.25 0.010143 34.539 0.62152 -0.82032
185.25 0.010849 32.961 0.62134 -0.82032
179.86 0.010624 33.453 0.6214 -0.82813
174.8 0.010958 32.453 0.6214 -0.82032
169.87 0.011328 31.883 0.62134 -0.82032
164.84 0.011677 31 0.62098 -0.8125
159.94 0.01177 30.922 0.62104 -0.8125
154.84 0.0122 30.039 0.62116 -0.8125
149.99 0.012713 28.36 0.62085 -0.80469
144.98 0.01228 29.524 0.62104 -0.82032
140.01 0.012476 29.195 0.62104 -0.8125
135.23 0.012322 29.414 0.62085 -0.80469
130.09 0.011721 30.836 0.62085 -0.80469
124.98 0.011507 31.133 0.62085 -0.80469
120.06 0.011406 31.313 0.62061 -0.79688
115.31 0.01117 32.032 0.62067 -0.79688
110.14 0.010723 32.617 0.62067 -0.78907
105.31 0.010481 33.86 0.62067 -0.79688
100.09 0.010817 33.25 0.62061 -0.79688
95.07 0.010563 33.641 0.62061 -0.78907
89.89 0.0095826 36.758 0.62079 -0.80469
84.77 0.01005 35.477 0.62067 -0.8125
79.63 0.0095177 37.078 0.62073 -0.80469
74.74 0.0085927 40.235 0.62073 -0.80469
69.79 0.0093651 37.524 0.62079 -0.82032
64.89 0.0093499 37.414 0.62073 -0.80469
59.93 0.0090638 38.469 0.62079 -0.80469
54.95 0.0089894 38.617 0.62085 -0.80469
50 0.0088425 38.86 0.62079 -0.80469
45.1 0.00836 41.063 0.62085 -0.8125
40.09 0.0081597 41.852 0.62079 -0.8125
35.09 0.0084763 40.571 0.62073 -0.80469
30.23 0.0083275 41.196 0.62073 -0.80469
25.26 0.0086041 39.735 0.62049 -0.80469
20.3 0.0090447 38.399 0.62055 -0.8125
15.37 0.0089379 39.258 0.62061 -0.82813
10.13 0.0095978 36.555 0.62043 -0.79688
5.16 0.0094147 37.321 0.62061 -0.80469
-0.02 0.0092316 37.969 0.62067 -0.8125
-5.02 0.0094357 37.313 0.62049 -0.8125
-9.97 0.010191 35.547 0.62067 -0.82813
-15.05 0.010698 34.407 0.62067 -0.85157
-19.94 0.010965 33.367 0.62061 -0.82813
-24.77 0.01058 34.844 0.62073 -0.83594
-29.82 0.010628 34.172 0.62073 -0.82813
-34.69 0.011179 33.328 0.62079 -0.85157
-39.65 0.0108 33.953 0.62079 -0.84375
-44.54 0.010752 33.711 0.62079 -0.83594
-49.55 0.010531 34.492 0.62098 -0.85938
-54.52 0.010592 34.774 0.62098 -0.85938
-60.43 0.010548 34.508 0.62079 -0.83594
-65.36 0.010336 35.399 0.62104 -0.85157
-70.36 0.010027 36.508 0.62104 -0.85157
-75.42 0.0093442 38.453 0.62104 -0.85157
-80.46 0.0088025 40.321 0.62122 -0.85938
-85.42 0.0085812 41.477 0.62134 -0.86719
-90 0.0081292 42.367 0.62122 -0.84375
270 0.007145 47.547 0.62165 -0.90625
264.98 0.0074063 45.555 0.62128 -0.85938
