0.33 0.24817 0.29688 0.00017357 88.946
4.95 0.24823 0.14063 0.00090981 84.524
10.74 0.24823 0.125 0.0018711 79.055
15.51 0.24841 0.29688 0.0025959 75.102
20.33 0.24835 0.20313 0.0035134 69.993
25.03 0.24817 0.33594 0.0041714 66.821
29.88 0.24805 0.27344 0.004818 63.75
35.78 0.24811 0.15625 0.0056897 59.547
40.62 0.24811 0.21875 0.0061684 57.852
45.24 0.24811 0.19531 0.0067063 55.828
50.19 0.24811 0.29688 0.0071831 54.141
55.1 0.24799 0.41406 0.0077019 52
59.87 0.24799 0.46875 0.0079957 51.36
65.74 0.24787 0.4375 0.0083085 49.992
70.61 0.24787 0.40625 0.0085526 48.696
75.67 0.24774 0.10938 0.0086251 48.102
80.63 0.24774 0.35938 0.0085736 47.875
84.84 0.2478 0.30469 0.0082093 49.094
90.17 0.24762 0.10156 0.0073567 52.305
95.43 0.24768 0.10156 0.0064144 55.985
100.55 0.24774 -0.039063 0.0056267 58.586
105.52 0.24768 0.078126 0.0046749 63.258
110.74 0.24768 -0.039063 0.0040703 65.547
115.67 0.24774 -0.078126 0.0033055 69.852
120.83 0.2478 0.03125 0.0026875 73.313
124.87 0.2478 -0.085938 0.0021534 76.594
129.94 0.2478 -0.14063 0.0016804 79.352
134.97 0.24799 -0.078126 0.0012169 82.211
140.15 0.2478 -0.14844 0.0008297 84.626
145.31 0.24787 -0.28125 0.00056839 86.227
150.33 0.24805 -0.16406 0.000103 89.313
155.35 0.24811 -0.15625 -0.00023461 91.485
160.41 0.24817 -0.039063 -0.0005169 93.219
165.43 0.24823 -0.078126 -0.00045586 92.883
170.55 0.24817 -0.054688 -0.00038529 92.415
175.58 0.24835 0.19531 -0.00026131 91.579
180.67 0.24835 0.078126 0.00027657 88.297
185.75 0.24835 0.23438 0.00097466 84.172
189.81 0.24829 0.20313 0.0017109 79.719
195.65 0.24847 0.24219 0.0024681 75.86
200.44 0.24847 0.21875 0.0033875 70.586
205.23 0.24835 0.32813 0.0040493 67.243
210.07 0.24835 0.28906 0.0046711 64.485
215.02 0.24823 0.40625 0.0052605 62.055
220.8 0.24811 0.28125 0.0059262 59.235
225.5 0.24805 0.26563 0.0064698 56.578
230.33 0.24799 0.33594 0.0069847 54.711
235.29 0.24805 0.42969 0.007206 54.578
240.1 0.24799 0.38281 0.0075989 52.907
244.97 0.24805 0.48438 0.0077534 52.836
249.86 0.24787 0.29688 0.0080567 51.086
254.93 0.24793 0.3125 0.0081387 50.399
259.85 0.24787 0.4375 0.0079365 51.313
265.19 0.24774 0.4375 0.0076199 51.985
270.38 0.24762 0.32813 0.0067635 55.336
275.55 0.24762 0.20313 0.0058709 58.742
280.55 0.24762 0.17969 0.0049763 62.36
285.57 0.24756 0.11719 0.0042897 64.954
290.77 0.24768 0.023438 0.0032997 70.618
295.75 0.24774 0.1875 0.0026741 73.915
299.81 0.24768 0.03125 0.0021687 76.86
304.92 0.24768 -0.03125 0.0015831 80.29
310 0.24762 -0.13281 0.0010834 83.235
315.24 0.2478 -0.11719 0.00056458 86.485
320.32 0.24787 -0.10938 0.00012016 89.251
325.41 0.24793 -0.24219 -5.7221E-5 90.344
330.43 0.24787 -0.14844 -0.00037384 92.36
335.31 0.24787 0 -0.00047112 93.008
340.56 0.24805 -0.039063 -0.00074578 94.735
345.36 0.24811 -0.078126 -0.00083352 95.079
350.51 0.24817 0.015625 -0.0008049 94.868
355.65 0.24823 0.28125 -0.00055123 93.274
360.33 0.24823 0.25 2.861E-5 89.758
0.33 0.24835 0.29688 -4.0055E-5 90.251
4.95 0.24847 0.25 0.00073815 85.508
10.74 0.24841 -0.03125 0.0015354 81.063
15.51 0.24854 0.27344 0.0024357 75.868
20.33 0.24841 0.32813 0.0032826 71.29
25.03 0.24823 0.26563 0.0040303 67.415
29.88 0.24829 0.32031 0.0048714 62.836
35.78 0.24823 0.26563 0.0054741 60.594
40.62 0.24823 0.29688 0.0061264 57.774
45.24 0.24823 0.35938 0.006876 53.813
50.19 0.24823 0.34375 0.0070038 54.766
55.1 0.24817 0.48438 0.0074578 53.032
59.87 0.24805 0.41406 0.007803 51.789
65.74 0.24817 0.51563 0.0081578 50.492
70.61 0.24805 0.30469 0.0083047 49.836
75.67 0.24787 0.42188 0.0083333 49.742
80.63 0.24787 0.45313 0.0083638 48.539
84.84 0.24787 0.21094 0.0080548 49.43
90.17 0.2478 0.21094 0.007288 52.453
95.43 0.2478 0.14844 0.0064354 54.93
100.55 0.2478 0.16406 0.0055352 58.657
105.52 0.24793 0.20313 0.0046311 63.071
110.74 0.2478 0.054688 0.0038376 66.915
115.67 0.2478 0.125 0.0032196 70.196
120.83 0.24787 0.11719 0.0025101 74.399
124.87 0.24787 0 0.0022392 75.469
129.94 0.2478 0.046875 0.0015698 79.915
134.97 0.24787 -0.054688 0.0010605 83.227
140.15 0.24811 -0.15625 0.00067902 85.586
145.31 0.24817 -0.039063 0.00016213 88.954
150.33 0.24811 -0.14063 -9.5368E-6 90.032
155.35 0.24811 -0.30469 -0.00030709 92.001
160.41 0.24811 -0.21094 -0.00051117 93.266
165.43 0.24799 -0.10938 -0.00056076 93.547
170.55 0.24811 -0.03125 -0.00055695 93.485
175.58 0.24823 -0.054688 -0.00030327 91.829
180.67 0.24847 0.17969 1.1444E-5 89.922
185.75 0.24841 0.15625 0.0008545 84.836
189.81 0.24841 0.17188 0.0013771 81.93
195.65 0.24841 0.078126 0.0022869 76.876
200.44 0.24854 0.19531 0.0031853 71.813
205.23 0.24835 0.35938 0.0038891 68.118
210.07 0.24829 0.4375 0.0045567 64.758
215.02 0.24817 0.35938 0.005106 62.547
220.8 0.24823 0.35938 0.0057583 59.867
225.5 0.24817 0.32031 0.0062809 57.844
230.33 0.24817 0.35938 0.0068646 54.875
235.29 0.24811 0.36719 0.0072098 54.235
240.1 0.24811 0.42969 0.0074673 53.297
244.97 0.24811 0.49219 0.0077725 52.149
249.86 0.24799 0.45313 0.0078602 52.102
254.93 0.24799 0.48438 0.0079442 51.508
259.85 0.24787 0.40625 0.0078526 51.328
265.19 0.24774 0.24219 0.0074005 52.828
270.38 0.24768 0.20313 0.0067845 54.946
275.55 0.24762 0.11719 0.0058041 58.719
280.55 0.24768 0.15625 0.0047627 63.688
285.57 0.24768 0.10156 0.0039444 67.516
290.77 0.24762 0.14844 0.0031986 71.29
295.75 0.24762 0.10156 0.0026398 73.954
299.81 0.24762 0.078126 0.0019455 78.305
304.92 0.24762 -0.03125 0.0014439 81.188
310 0.24762 -0.03125 0.0009327 84.297
315.24 0.24774 -0.03125 0.00039292 87.571
320.32 0.2478 -0.21094 5.7221E-6 89.93
325.41 0.2478 -0.078126 -0.00026512 91.672
330.43 0.24799 -0.1875 -0.0005455 93.438
335.31 0.24811 -0.11719 -0.00071907 94.547
340.56 0.24817 -0.03125 -0.0008564 95.376
345.36 0.24811 -0.039063 -0.0010262 96.266
350.51 0.24817 -0.03125 -0.00088692 95.422
355.65 0.24817 -0.054688 -0.00048638 92.946
360.33 0.24823 0.078126 -0.00018311 91.071
0.33 0.24829 0.15625 -0.00020409 91.196
4.95 0.24835 0.03125 0.00054169 86.735
10.74 0.24823 0.14844 0.0015526 80.868
15.51 0.24817 0.14063 0.0023098 76.649
20.33 0.24835 0.10938 0.0030976 72.485
25.03 0.24823 0.17969 0.0041447 66.282
29.88 0.24817 0.35156 0.0045777 64.876
35.78 0.24823 0.32031 0.0054207 60.711
40.62 0.24817 0.34375 0.0059891 58.485
45.24 0.24823 0.46094 0.0065213 56.297
50.19 0.24817 0.39844 0.0069638 54.633
55.1 0.24817 0.46094 0.0074196 52.93
59.87 0.24811 0.45313 0.0079041 50.977
65.74 0.24805 0.45313 0.0081673 50.203
70.61 0.2478 0.38281 0.0084744 48.258
75.67 0.24787 0.35156 0.0084992 48.172
80.63 0.24793 0.39844 0.0082741 48.883
84.84 0.2478 0.15625 0.007948 50.164
90.17 0.2478 0.27344 0.007288 51.922
95.43 0.24768 0.085938 0.0063286 55.563
100.55 0.24768 0.11719 0.0053234 60.141
105.52 0.24774 0.10156 0.0045491 63.367
110.74 0.24787 0.046875 0.0037327 67.618
115.67 0.24774 0.125 0.003109 70.852
120.83 0.24774 0.070313 0.0023995 75.071
124.87 0.24787 -0.03125 0.0019379 77.829
129.94 0.24787 0.015625 0.0014896 80.446
134.97 0.24774 -0.0078126 0.0010548 83.118
140.15 0.2478 -0.085938 0.00065041 85.68
145.31 0.24805 -0.14844 0.00010872 89.29
150.33 0.24805 -0.17188 -0.00023461 91.508
155.35 0.24805 -0.24219 -0.00045777 92.907
160.41 0.24811 -0.25781 -0.00061226 93.907
165.43 0.24811 -0.062501 -0.00073624 94.579
170.55 0.24811 -0.023438 -0.00065422 94.047
175.58 0.24823 0 -0.00041771 92.524
180.67 0.24823 0.20313 8.5831E-5 89.446
185.75 0.24854 0.21094 0.00074006 85.563
189.81 0.24835 0.25781 0.0014115 81.532
195.65 0.24835 0.35938 0.0025864 74.602
200.44 0.24841 0.28125 0.0032082 71.446
205.23 0.24847 0.32031 0.0039502 67.493
210.07 0.24841 0.054688 0.0045529 64.688
215.02 0.24823 0.21094 0.005148 62.211
220.8 0.24829 0.28906 0.0056286 60.602
225.5 0.24829 0.22656 0.0062733 57.703
230.33 0.24817 0.28125 0.0065976 56.703
235.29 0.24823 0.4375 0.0070439 55.227
240.1 0.24817 0.41406 0.0073777 53.914
244.97 0.24817 0.4375 0.0075588 53.25
249.86 0.24799 0.4375 0.007803 52.039
254.93 0.24805 0.21875 0.0079213 50.836
259.85 0.24793 0.45313 0.0078602 51.071
265.19 0.24774 0.39844 0.0074597 52.571
270.38 0.24768 0.375 0.0066338 55.594
275.55 0.24774 0.10938 0.0057583 58.93
280.55 0.2478 0.21094 0.0046463 64.329
285.57 0.24774 0.085938 0.0039215 67.485
290.77 0.24762 0.054688 0.0032501 70.563
295.75 0.24774 0.085938 0.0026131 74.157
299.81 0.24762 0.14844 0.0021477 76.79
304.92 0.24774 -0.085938 0.0013008 82.126
310 0.24768 0.03125 0.00090981 84.305
315.24 0.24774 -0.03125 0.00051308 86.735
320.32 0.24774 -0.093751 -3.8147E-5 90.258
325.41 0.24774 -0.14063 -0.0003643 92.258
330.43 0.2478 -0.28906 -0.00056458 93.524
335.31 0.2478 -0.23438 -0.00082016 95.11
340.56 0.24787 -0.062501 -0.00095177 95.946
345.36 0.24793 -0.054688 -0.00103 96.321
350.51 0.24793 -0.039063 -0.00097848 95.915
355.65 0.24805 0.070313 -0.00063706 93.86
360.33 0.24817 0.10156 -0.00010681 90.649
