0.33 0.73169 0.023438 9.1553E-5 89.938
4.95 0.73194 0.023438 -2.6703E-5 90.001
10.74 0.73224 -0.03125 0.00061799 89.649
15.51 0.73194 -0.15625 0.0018921 88.946
20.33 0.7323 -0.039063 0.0054169 86.954
25.03 0.73206 -0.039063 0.0064736 86.383
29.88 0.73206 -0.023438 0.0077477 85.68
35.78 0.73212 0.015625 0.010868 83.954
40.62 0.73212 0.054688 0.013611 82.407
45.24 0.73218 0.054688 0.015259 81.555
50.19 0.73212 0.14844 0.018429 79.797
55.1 0.73255 0.13281 0.020283 78.891
59.87 0.73273 0.47656 0.0229 77.493
65.74 0.73267 0.22656 0.026157 75.735
70.61 0.73218 0.10156 0.027409 75.141
75.67 0.7323 0.11719 0.031033 73.126
80.63 0.73218 0.10156 0.032822 72.243
84.84 0.73181 -0.015625 0.035015 70.977
90.17 0.73181 0.0078126 0.035816 70.54
95.43 0.73206 -0.11719 0.035729 70.446
100.55 0.73194 -0.023438 0.03476 70.938
105.52 0.73181 -0.14844 0.033196 71.633
110.74 0.732 -0.13281 0.031136 72.727
115.67 0.73188 -0.28125 0.030106 72.969
120.83 0.73163 -0.30469 0.028492 73.86
124.87 0.73194 -0.24219 0.026066 75.204
129.94 0.732 -0.27344 0.023766 76.493
134.97 0.73169 -0.28906 0.023151 76.665
140.15 0.73139 -0.63282 0.01862 79.305
145.31 0.73127 -0.49219 0.017822 79.688
150.33 0.73157 -0.38281 0.015846 80.797
155.35 0.73163 -0.42969 0.013134 82.391
160.41 0.73157 -0.39844 0.011494 83.297
165.43 0.73181 -0.27344 0.0075684 85.68
170.55 0.73175 -0.25781 0.0045472 87.422
175.58 0.73206 -0.078126 0.0035629 87.954
180.67 0.73206 -0.054688 0.0030213 88.243
185.75 0.73218 -0.046875 0.0015068 89.118
189.81 0.73206 -0.15625 7.6294E-5 89.977
195.65 0.73212 0.023438 0.0028038 88.43
200.44 0.73218 0.25781 0.0042153 87.665
205.23 0.73212 0.046875 0.006176 86.532
210.07 0.73243 0.093751 0.0072518 85.969
215.02 0.73218 0.0078126 0.0091782 84.915
220.8 0.73218 0.023438 0.012203 83.251
225.5 0.732 -0.03125 0.013908 82.305
230.33 0.73249 0.26563 0.016697 80.79
235.29 0.73243 0.085938 0.018227 80.032
240.1 0.7323 0.17969 0.020222 79.024
244.97 0.7323 0.22656 0.023312 77.29
249.86 0.73194 0.19531 0.02507 76.438
254.93 0.73218 0.03125 0.028145 74.711
259.85 0.73194 -0.046875 0.028847 74.461
265.19 0.73175 0.039063 0.031635 72.868
270.38 0.73206 0.062501 0.031266 73.211
275.55 0.73194 -0.062501 0.031414 72.946
280.55 0.73169 -0.10156 0.031868 72.532
285.57 0.73163 -0.23438 0.029534 73.665
290.77 0.73127 -0.21094 0.026695 75.258
295.75 0.73163 -0.1875 0.026566 75.126
299.81 0.73108 -0.21094 0.024597 76.219
304.92 0.73139 -0.26563 0.023392 76.696
310 0.73096 -0.44531 0.019829 78.797
315.24 0.73096 -0.51563 0.017559 80.055
320.32 0.73121 -0.46875 0.015644 81.063
325.41 0.73096 -0.42969 0.014263 81.79
330.43 0.73114 -0.5 0.012222 82.946
335.31 0.73084 -0.58594 0.010025 84.204
340.56 0.73121 -0.39844 0.0076828 85.547
345.36 0.73157 -0.17969 0.0060616 86.501
350.51 0.73163 0 0.0036812 87.93
355.65 0.73157 0.0078126 0.0018883 88.93
360.33 0.73169 -0.16406 -0.00047684 90.251
0.33 0.73151 -0.34375 -0.00027466 90.157
4.95 0.73151 -0.1875 -0.0011635 90.657
10.74 0.732 -0.062501 0.00055313 89.665
15.51 0.73188 -0.10156 0.0020485 88.836
20.33 0.73212 0.023438 0.0048828 87.235
25.03 0.732 0.015625 0.00663 86.235
29.88 0.73194 -0.03125 0.0072899 85.938
35.78 0.73169 -0.14844 0.010803 83.985
40.62 0.73206 -0.054688 0.012924 82.813
45.24 0.73175 0.054688 0.015297 81.547
50.19 0.732 0.046875 0.016926 80.672
55.1 0.732 0 0.021156 78.297
59.87 0.73218 0.13281 0.021439 78.344
65.74 0.73212 0.14063 0.026379 75.555
70.61 0.732 0.11719 0.027458 75.102
75.67 0.73194 0.054688 0.030869 73.149
80.63 0.73169 0 0.032517 72.399
84.84 0.73181 -0.015625 0.034477 71.266
90.17 0.73188 -0.046875 0.036694 69.946
95.43 0.73163 -0.093751 0.036267 70.165
100.55 0.73163 -0.25781 0.034523 70.977
105.52 0.73139 -0.19531 0.033325 71.508
110.74 0.73139 -0.15625 0.032669 71.711
115.67 0.73133 -0.23438 0.029728 73.376
120.83 0.73151 -0.24219 0.029083 73.446
124.87 0.73133 -0.3125 0.02565 75.501
129.94 0.73139 -0.38281 0.024265 76.149
134.97 0.73163 -0.35938 0.022755 76.899
140.15 0.73114 -0.5 0.019577 78.711
145.31 0.73151 -0.47656 0.01844 79.282
150.33 0.73145 -0.36719 0.016018 80.68
155.35 0.73139 -0.46094 0.013413 82.196
160.41 0.73133 -0.54688 0.011044 83.602
165.43 0.73145 -0.41406 0.0077439 85.555
170.55 0.73181 -0.24219 0.004963 87.165
175.58 0.73175 -0.17969 0.0037499 87.844
180.67 0.73194 -0.125 0.0032997 88.133
185.75 0.73194 -0.125 0.0018425 88.961
189.81 0.73218 -0.125 0.0012512 89.274
195.65 0.73206 -0.17969 0.0031738 88.235
200.44 0.73218 -0.0078126 0.0081444 85.297
205.23 0.73218 0.093751 0.0075531 85.719
210.07 0.7323 -0.085938 0.0097047 84.547
215.02 0.73237 0.17969 0.011303 83.649
220.8 0.732 -0.11719 0.012722 82.938
225.5 0.73218 0.10938 0.014568 81.961
230.33 0.73237 0.10156 0.016407 80.961
235.29 0.73212 0.054688 0.019139 79.508
240.1 0.73212 0.27344 0.019978 79.172
244.97 0.732 0.078126 0.022259 77.954
249.86 0.73218 0.1875 0.025772 75.961
254.93 0.73169 -0.17188 0.026482 75.704
259.85 0.73175 0.17188 0.029133 74.352
265.19 0.73181 0.023438 0.032234 72.586
270.38 0.73188 0 0.032852 72.157
275.55 0.73145 -0.15625 0.032059 72.54
280.55 0.73133 0.03125 0.0308 73.157
285.57 0.73145 -0.10156 0.028709 74.204
290.77 0.73127 -0.35156 0.027031 75.016
295.75 0.73157 -0.15625 0.026089 75.43
299.81 0.73139 -0.1875 0.025173 75.821
304.92 0.73114 -0.34375 0.021736 77.751
310 0.73102 -0.42188 0.018009 79.954
315.24 0.73102 -0.32031 0.018448 79.446
320.32 0.73096 -0.46094 0.0159 80.868
325.41 0.73121 -0.41406 0.015114 81.266
330.43 0.73084 -0.65625 0.010952 83.743
335.31 0.73114 -0.45313 0.011036 83.61
340.56 0.73084 -0.40625 0.0066986 86.219
345.36 0.73114 -0.1875 0.0049401 87.165
350.51 0.73133 -0.10938 0.0031586 88.211
355.65 0.73133 -0.24219 0.0013542 89.18
360.33 0.73151 -0.14844 0.0011292 89.368
