Time X DEG X DEG
0 0.00047732 -87.571 0.62964 0.36719
1.0100001 0.00045395 -87.657 0.62964 0.36719
1.9999998 0.00049925 -87.446 0.62964 0.375
3.0000001 0.00042391 -87.735 0.62964 0.38281
4.0009998 0.00038433 -88.001 0.62958 0.375
4.9999999 0.0003376 -88.235 0.62964 0.36719
6.0000001 0.00040293 -87.915 0.62958 0.375
6.9999998 0.00047398 -87.516 0.62964 0.38281
8 0.00052119 -87.211 0.6297 0.36719
9.0009998 0.00063753 -86.743 0.6297 0.36719
9.9999998 0.00055266 -87.133 0.6297 0.375
11 0.00045967 -87.586 0.62964 0.38281
12.001 0.00048924 -87.391 0.62964 0.375
13 0.00047827 -87.508 0.62964 0.375
14 0.00044823 -87.571 0.62964 0.38281
15 0.00064183 -86.586 0.6297 0.38281
16 0.00070763 -86.297 0.62964 0.375
17.001 0.00064087 -86.594 0.62977 0.38281
18 0.00080824 -85.766 0.62983 0.38281
19 0.00067568 -86.415 0.62977 0.375
20.001 0.00088835 -85.43 0.62983 0.36719
21 0.0007329 -86.086 0.62977 0.38281
22 0.00061274 -86.758 0.6297 0.375
23 0.00079823 -85.751 0.62977 0.36719
24 0.00072575 -86.024 0.62977 0.38281
25 0.0006342 -86.485 0.6297 0.38281
26 0.00070954 -86.204 0.62977 0.38281
27 0.00077248 -85.938 0.62977 0.375
28.001 0.00083018 -85.524 0.62983 0.38281
29 0.00084401 -85.446 0.62983 0.375
30 0.00079346 -85.758 0.62977 0.375
31 0.00084162 -85.641 0.62983 0.36719
32 0.00080061 -85.555 0.62983 0.375
33 0.00068999 -86.063 0.62977 0.36719
34 0.00069762 -86.063 0.62977 0.375
35 0.00080681 -85.696 0.62983 0.38281
36.001 0.00078726 -85.68 0.62983 0.36719
37 0.00091315 -85.016 0.62989 0.35938
38 0.00089598 -85.18 0.62983 0.36719
39 0.00085259 -85.501 0.62983 0.38281
40 0.00078488 -85.688 0.62977 0.36719
41 0.00086832 -85.196 0.62983 0.375
42 0.00099421 -84.579 0.62983 0.375
43 0.0010266 -84.344 0.62983 0.375
44.001 0.0010519 -84.04 0.62989 0.375
45 0.00090504 -84.946 0.62977 0.35938
46 0.0011215 -83.891 0.62989 0.375
47.001 0.00098277 -84.485 0.62983 0.36719
48 0.0010533 -84.055 0.62989 0.36719
49 0.0012436 -83.243 0.62995 0.375
50 0.0010829 -83.899 0.62983 0.375
51 0.0011635 -83.547 0.62989 0.35938
52.001 0.0011749 -83.36 0.62989 0.36719
53 0.0011726 -83.547 0.62989 0.375
54 0.0011215 -83.813 0.62989 0.375
55.001 0.0013061 -82.907 0.62995 0.375
56 0.0011129 -83.602 0.62989 0.35938
57 0.0010767 -83.883 0.62989 0.375
58 0.0011683 -83.641 0.62989 0.35938
59 0.001029 -84.11 0.62983 0.36719
60 0.0010138 -84.243 0.62983 0.36719
61 0.0011411 -83.743 0.62989 0.38281
62 0.00107 -84.149 0.62983 0.35938
63.001 0.0010958 -84.094 0.62989 0.35156
64 0.001257 -83.344 0.62995 0.35938
65 0.0011673 -83.579 0.62989 0.38281
66 0.0012188 -83.313 0.62995 0.35938
67 0.0012136 -83.274 0.62989 0.35938
68 0.0010839 -83.922 0.62983 0.375
69 0.0011726 -83.469 0.62989 0.375
70 0.0012174 -83.376 0.62995 0.35156
71.001 0.0009656 -84.586 0.6297 0.35938
72 0.00088692 -85.024 0.6297 0.36719
73 0.00093747 -84.586 0.6297 0.38281
74 0.0010815 -83.954 0.62983 0.36719
75 0.0012622 -82.961 0.62989 0.36719
76 0.0012002 -83.141 0.62989 0.38281
77 0.0012169 -83.274 0.62989 0.35938
78 0.0011807 -83.407 0.62989 0.36719
79.001 0.0013433 -82.571 0.62995 0.375
80 0.0013952 -82.086 0.63001 0.38281
81 0.0014191 -82.11 0.62995 0.375
82.001 0.0014257 -82.024 0.62995 0.375
83 0.0013933 -82.079 0.62995 0.38281
84 0.0014348 -81.977 0.62995 0.36719
85 0.0014687 -81.922 0.62989 0.375
86 0.0015073 -81.797 0.62995 0.36719
87.001 0.0013995 -82.126 0.62995 0.38281
88 0.001585 -81.305 0.63001 0.36719
89 0.0014782 -81.797 0.62995 0.36719
90.001 0.0013814 -82.297 0.62989 0.375
91 0.0014324 -81.743 0.62995 0.375
92 0.0014639 -81.633 0.62989 0.36719
93 0.0015297 -81.415 0.62989 0.375
94 0.0013948 -81.876 0.62989 0.38281
95.001 0.0015111 -81.571 0.63001 0.375
96 0.0013976 -82.102 0.62989 0.375
97 0.0014501 -81.93 0.63001 0.375
98.001 0.0012336 -82.727 0.62983 0.38281
99 0.0013986 -81.907 0.62989 0.38281
100 0.0013833 -82.329 0.62989 0.36719
101 0.0014811 -81.797 0.62989 0.375
102 0.0014134 -81.868 0.62989 0.38281
103 0.0014668 -81.954 0.62989 0.38281
104 0.0015726 -81.274 0.62995 0.375
105 0.0014577 -81.766 0.62995 0.38281
106.001 0.0015979 -80.899 0.63001 0.38281
107 0.0014973 -81.711 0.62995 0.375
108 0.00137 -82.321 0.62989 0.375
109 0.0013776 -81.946 0.62989 0.38281
110 0.0013609 -82.196 0.62989 0.38281
111 0.0014463 -81.766 0.62989 0.38281
112 0.0014782 -81.68 0.62989 0.39063
113 0.0014386 -81.422 0.62989 0.39063
114.001 0.0015025 -81.274 0.62989 0.39063
115 0.0014029 -81.915 0.62989 0.39063
116 0.001535 -80.993 0.62989 0.40625
117 0.0013776 -81.696 0.62983 0.38281
118 0.0015316 -80.969 0.62989 0.39844
119 0.0014401 -81.696 0.62989 0.39844
120 0.0013833 -82.032 0.62983 0.39063
121 0.0014877 -81.227 0.62989 0.39063
122.001 0.0014362 -81.641 0.62983 0.39063
123 0.0014772 -81.399 0.62989 0.39844
124 0.00143 -81.68 0.62983 0.39844
125.001 0.0013914 -81.704 0.62983 0.39063
126 0.0014124 -81.766 0.62983 0.39844
127 0.0013571 -82.001 0.62983 0.39844
128 0.0012898 -82.422 0.62983 0.39063
129 0.0014939 -81.344 0.62989 0.39844
130.001 0.0013766 -82.141 0.62983 0.39063
131 0.0013828 -82.086 0.62983 0.39063
132 0.0012589 -82.547 0.62983 0.39063
133.001 0.0014 -81.876 0.62989 0.39844
134 0.001339 -82.172 0.62983 0.39844
135 0.001399 -81.868 0.62989 0.39063
136 0.0013261 -82.165 0.62983 0.39063
137 0.0012632 -82.68 0.62983 0.39063
138 0.0012627 -82.586 0.62983 0.40625
139 0.0012026 -82.993 0.62983 0.39844
140 0.0011296 -83.407 0.62977 0.40625
141.001 0.0011869 -82.907 0.62983 0.39844
142 0.0011749 -83.141 0.62983 0.39844
143 0.0011854 -83.063 0.62983 0.38281
144 0.00088358 -84.868 0.62964 0.39844
145 0.00079394 -85.383 0.62958 0.39844
146 0.00097323 -84.321 0.62977 0.38281
147 0.00094748 -84.461 0.6297 0.39844
148 0.00089264 -84.805 0.6297 0.39063
149.001 0.00094557 -84.352 0.6297 0.39844
150 0.001051 -83.852 0.62977 0.39063
151 0.0008483 -85.024 0.6297 0.39063
152 0.00095559 -84.313 0.62977 0.4375
153 0.00091219 -84.493 0.62977 0.42969
154 0.00096751 -84.258 0.62977 0.42188
155 0.00090218 -84.704 0.6297 0.41406
156 0.00075388 -85.391 0.62964 0.41406
157.001 0.00076008 -85.438 0.6297 0.41406
158 0.00082159 -85.102 0.62977 0.40625
159 0.00072813 -85.618 0.6297 0.41406
160.001 0.00081921 -85.071 0.62977 0.40625
161 0.00063658 -86.141 0.62964 0.40625
162 0.00085497 -84.922 0.62977 0.40625
163 0.00086689 -84.727 0.62977 0.40625
164 0.00077916 -85.266 0.62977 0.39844
165.001 0.00076819 -85.376 0.6297 0.40625
166 0.0007186 -85.829 0.6297 0.39844
167 0.00068188 -85.883 0.6297 0.39844
168.001 0.00067997 -85.805 0.6297 0.39844
169 0.00071907 -85.672 0.62977 0.39844
170 0.00058079 -86.579 0.6297 0.39844
171 0.00058937 -86.422 0.6297 0.39844
172 0.00075865 -85.399 0.62977 0.40625
173.001 0.00065566 -86.11 0.6297 0.39844
174 0.00062657 -86.219 0.6297 0.39063
175 0.00079012 -85.196 0.62983 0.39063
176.001 0.0007639 -85.235 0.62983 0.39844
177 0.00079203 -85.321 0.62983 0.39063
178 0.00058747 -86.399 0.6297 0.39844
179 0.00057602 -86.485 0.6297 0.38281
180 0.00066853 -85.907 0.62977 0.38281
181 0.0004406 -87.446 0.6297 0.38281
182 0.00053502 -86.735 0.62977 0.39844
183 0.00032282 -88.032 0.6297 0.39063
184.001 0.00047255 -87.141 0.62977 0.39063
185 0.00036192 -87.821 0.62977 0.38281
186 0.00026036 -88.422 0.6297 0.38281
187 0.00037766 -87.641 0.62977 0.38281
188 0.00040007 -87.555 0.62977 0.38281
189 0.00019932 -88.79 0.6297 0.38281
190 0.00041819 -87.477 0.62977 0.38281
191 0.00047922 -86.993 0.62983 0.38281
192.001 0.00031996 -88.165 0.62977 0.38281
193 0.00021505 -88.711 0.6297 0.38281
194 0.00030613 -88.063 0.62977 0.38281
195 0.00034905 -87.86 0.62983 0.38281
196 0.00035906 -87.805 0.62989 0.38281
197 0.00015736 -89.047 0.62977 0.38281
198 9.7275E-5 -89.368 0.62977 0.38281
199 0.00023031 -88.657 0.62977 0.39063
200.001 0.00014114 -89.102 0.62977 0.38281
201 0.00043106 -87.251 0.62995 0.38281
202 0.00063897 -86.11 0.63007 0.39063
203.001 0.00055313 -86.68 0.63001 0.38281
204 0.00065661 -85.813 0.63007 0.38281
205 0.00041866 -87.368 0.63001 0.375
206 0.00039959 -87.516 0.63001 0.38281
207 0.00039912 -87.571 0.62995 0.38281
208.001 0.00044823 -87.188 0.63007 0.38281
209 0.00049115 -86.891 0.63001 0.38281
210 0.00053454 -86.813 0.63007 0.38281
211.001 0.0004158 -87.383 0.63001 0.38281
212 0.00034094 -87.868 0.62995 0.38281
213 0.0004921 -87.032 0.63001 0.38281
214 0.00045061 -87.266 0.63001 0.38281
215 0.0005045 -86.922 0.63007 0.375
216 0.00049496 -86.985 0.63007 0.375
217 0.00070858 -85.704 0.63019 0.38281
218 0.00068522 -85.829 0.63013 0.375
219.001 0.00069285 -85.672 0.63013 0.36719
220 0.0007186 -85.547 0.63013 0.36719
221 0.00086546 -84.766 0.63025 0.38281
222 0.00093127 -84.438 0.63025 0.36719
223 0.00052023 -86.836 0.63007 0.36719
224 0.00075245 -85.336 0.63013 0.375
225 0.00081253 -85.126 0.63019 0.38281
226 0.00069523 -85.571 0.63019 0.375
227.001 0.00067187 -85.813 0.63019 0.38281
228 0.00067759 -85.93 0.63013 0.36719
229 0.00091792 -84.407 0.63031 0.38281
230 0.00082589 -84.86 0.63025 0.35938
231 0.00074244 -85.501 0.63019 0.35938
232 0.00080061 -85.282 0.63013 0.36719
233 0.00080586 -85.157 0.63019 0.38281
234 0.00089121 -84.766 0.63025 0.35938
235.001 0.00078869 -85.329 0.63025 0.36719
236 0.00083065 -85.079 0.63031 0.375
237 0.00082398 -85.024 0.63025 0.375
238 0.00056744 -86.501 0.63019 0.36719
239 0.00075198 -85.407 0.63031 0.36719
240 0.00083399 -85.024 0.63038 0.38281
241 0.00097323 -83.993 0.63044 0.35938
242 0.0013499 -81.633 0.63068 0.35938
243.001 0.00093603 -84.219 0.63038 0.36719
244 0.001051 -83.633 0.63038 0.38281
245 0.00060797 -86.43 0.63007 0.35938
246.001 0.00074435 -85.336 0.63019 0.36719
247 0.00059796 -86.399 0.63013 0.36719
248 0.00089932 -84.61 0.63025 0.38281
249 0.00069046 -86.032 0.63013 0.375
250 0.00073386 -85.836 0.63019 0.36719
251.001 0.00068427 -85.954 0.63019 0.38281
252 0.0010405 -83.758 0.63038 0.35938
253 0.00077057 -85.446 0.63025 0.36719
254.001 0.00084353 -85.086 0.63038 0.36719
255 0.00091458 -84.61 0.63038 0.38281
256 0.0010104 -84.149 0.63044 0.375
257 0.00098992 -84.43 0.63044 0.36719
258 0.0010414 -84.165 0.63044 0.38281
259 0.00077057 -85.399 0.63038 0.38281
260 0.00083924 -85.157 0.63031 0.38281
261 0.00087357 -84.985 0.63038 0.36719
262.001 0.00074864 -85.54 0.63031 0.375
263 0.00097228 -84.211 0.63044 0.38281
264 0.00076151 -85.383 0.63025 0.375
265 0.00083924 -84.985 0.63038 0.36719
266 0.0010543 -83.891 0.6305 0.36719
267 0.0011416 -83.266 0.63056 0.38281
268 0.0010452 -83.993 0.63044 0.375
269 0.0011411 -83.446 0.6305 0.36719
270.001 0.0008812 -84.735 0.63044 0.375
271 0.0010185 -84.063 0.6305 0.38281
272 0.0012188 -83.063 0.63056 0.375
273 0.0013142 -82.415 0.63062 0.375
274 0.00138 -81.977 0.63068 0.38281
275 0.0013223 -82.251 0.63062 0.375
276 0.0011339 -83.493 0.6305 0.38281
277 0.0014076 -82.157 0.63068 0.38281
278.001 0.0013566 -82.102 0.63062 0.39063
279 0.0012555 -82.829 0.63056 0.38281
280 0.0013485 -82.336 0.63068 0.38281
281.001 0.0012994 -82.626 0.63062 0.38281
282 0.0013304 -82.274 0.63062 0.39063
283 0.0012841 -82.626 0.63062 0.38281
284 0.0012946 -82.649 0.63062 0.38281
285 0.0014053 -81.797 0.63068 0.39063
286.001 0.0013871 -81.899 0.63062 0.39063
287 0.0014906 -81.29 0.63068 0.38281
288 0.0014873 -81.54 0.63074 0.38281
289.001 0.0013127 -82.399 0.63056 0.39063
290 0.0015602 -81.149 0.63074 0.39063
291 0.0017724 -80.211 0.63086 0.39844
292 0.0019193 -79.555 0.63092 0.38281
293 0.0018826 -79.29 0.63092 0.40625
294.001 0.0018849 -79.454 0.63092 0.38281
295 0.0018549 -79.672 0.63092 0.38281
296 0.0019579 -79.157 0.63092 0.39063
297.001 0.0019732 -78.751 0.63099 0.40625
298 0.0021391 -78.204 0.63111 0.40625
299 0.0020328 -78.876 0.63099 0.40625
300 0.0018063 -79.633 0.6308 0.41406
