Time X DEG X DEG
0 0.00030709 -87.954 0.63404 0.4375
1.0089999 0.00013828 -89.047 0.63391 0.4375
1.9999998 0.00020218 -88.633 0.63398 0.4375
3.0000001 0.00016451 -88.899 0.63398 0.4375
4.0000003 0.00016022 -88.977 0.63398 0.4375
4.9999999 0.00026655 -88.157 0.63404 0.4375
6.0000001 0.00017357 -88.86 0.63398 0.44531
7.0000004 0.00015497 -88.985 0.63404 0.4375
8 -2.3365E-5 -90.141 0.63391 0.42969
9.0000002 0.00010729 -89.219 0.63398 0.4375
10 0.00036192 -87.524 0.6341 0.4375
11 0.00037098 -87.633 0.6341 0.4375
12 0.00040054 -87.305 0.6341 0.44531
13 0.00025702 -88.243 0.63404 0.44531
14 0.00026083 -88.235 0.63404 0.44531
15 0.00032234 -87.922 0.6341 0.4375
16 0.00049019 -86.813 0.63416 0.4375
17 0.00042296 -87.204 0.6341 0.44531
18 0.00021553 -88.586 0.6341 0.4375
19 0.00017357 -88.891 0.63404 0.44531
20 0.00038624 -87.407 0.63416 0.44531
21 0.00036526 -87.461 0.63416 0.45313
22 0.00050354 -86.68 0.63422 0.45313
23 0.0005188 -86.79 0.63422 0.44531
24 0.00042486 -87.172 0.63416 0.44531
25 0.00042534 -87.094 0.63416 0.44531
26 0.0004859 -86.829 0.6341 0.45313
27 0.00054837 -86.516 0.63422 0.44531
28 0.00058937 -85.954 0.63416 0.45313
29 0.00066996 -85.415 0.63428 0.44531
30 0.00060129 -85.954 0.63416 0.45313
31 0.00061322 -86.063 0.63416 0.45313
32 0.00075627 -84.868 0.63422 0.44531
33 0.00059128 -86.032 0.63416 0.4375
34 0.00088215 -84.501 0.63428 0.4375
35 0.00073004 -85.313 0.63422 0.45313
36 0.00083018 -84.524 0.63422 0.45313
37 0.0006466 -85.766 0.63416 0.45313
38 0.00095749 -83.946 0.63434 0.46094
39 0.00079203 -84.836 0.63422 0.45313
40 0.00083208 -84.43 0.63422 0.46094
41.002 0.00085831 -84.383 0.63422 0.45313
42 0.0010018 -83.626 0.63434 0.46094
43 0.0010767 -82.829 0.6344 0.46094
44 0.0011382 -82.313 0.6344 0.45313
45 0.0010395 -83.235 0.6344 0.45313
46 0.00072861 -85.422 0.63422 0.46094
47 0.0010047 -83.501 0.63434 0.45313
48 0.00092888 -83.852 0.63434 0.45313
49 0.0011363 -82.61 0.6344 0.45313
50 0.0011687 -82.665 0.6344 0.46094
51 0.0010324 -83.282 0.63434 0.45313
52 0.0010696 -83.188 0.63434 0.44531
53 0.0010886 -82.985 0.63434 0.45313
54 0.0010996 -83.266 0.63434 0.46094
55 0.0010266 -83.36 0.63434 0.45313
56 0.0011621 -82.469 0.6344 0.44531
57 0.0010381 -83.329 0.63434 0.45313
58 0.0010281 -83.524 0.63428 0.46094
59 0.0010395 -83.219 0.63428 0.46094
60 0.001276 -81.446 0.6344 0.46094
61 0.0012045 -81.977 0.63434 0.46094
62 0.0012593 -81.899 0.63434 0.46094
63 0.0012913 -81.258 0.6344 0.46094
64 0.0013561 -81.008 0.63434 0.46094
65 0.001308 -81.383 0.63434 0.46094
66 0.0016179 -79.735 0.63446 0.46875
67 0.0013709 -80.915 0.6344 0.46094
68 0.0014558 -80.602 0.6344 0.46094
69 0.00138 -81.024 0.63434 0.46094
70 0.0015922 -79.852 0.63446 0.46094
71 0.0014706 -80.133 0.6344 0.46094
72 0.0017481 -78.43 0.63446 0.46094
73 0.0017686 -78.461 0.63446 0.46875
74 0.0017862 -78.626 0.63446 0.46875
75 0.0017686 -78.641 0.63446 0.46094
76 0.0018172 -78.141 0.63446 0.46094
77 0.0019631 -77.727 0.63446 0.46875
78 0.0019603 -77.04 0.63452 0.46875
79 0.0019231 -77.141 0.63446 0.47656
80 0.0019956 -76.711 0.63446 0.47656
81 0.0019488 -77.555 0.63446 0.48438
82 0.0019384 -76.946 0.63446 0.47656
83 0.0020004 -76.813 0.63446 0.47656
84 0.0020967 -76.508 0.63452 0.46875
85 0.0021196 -76.672 0.63446 0.47656
86 0.0021658 -75.704 0.63452 0.47656
87 0.0021224 -75.946 0.63452 0.46875
88 0.0021553 -76.086 0.63452 0.47656
89 0.0022049 -75.915 0.63452 0.47656
90 0.0022207 -75.446 0.63452 0.48438
91 0.0022826 -75.063 0.63452 0.47656
92 0.002317 -75.157 0.63459 0.48438
93 0.0022946 -75.555 0.63452 0.47656
94 0.0025339 -74.086 0.63465 0.47656
95 0.0025168 -73.758 0.63465 0.47656
96 0.0024133 -74.766 0.63459 0.48438
97 0.0023933 -74.501 0.63459 0.48438
98 0.0024695 -73.758 0.63459 0.47656
99 0.0024433 -74.266 0.63459 0.48438
100 0.0024648 -74.68 0.63459 0.48438
101 0.0022988 -75.102 0.63452 0.47656
102 0.0024357 -73.727 0.63459 0.47656
103 0.0025015 -73.68 0.63459 0.48438
104 0.0026417 -73.376 0.63471 0.48438
105 0.0027099 -73.032 0.63477 0.46875
106 0.0025559 -73.86 0.63465 0.46875
107 0.002573 -73.649 0.63459 0.48438
108 0.0025516 -74.04 0.63465 0.48438
109 0.0025706 -73.102 0.63459 0.48438
110 0.0025559 -73.04 0.63459 0.48438
111 0.0026336 -73.032 0.63471 0.48438
112 0.0027795 -72.665 0.63471 0.48438
113 0.0025916 -73.11 0.63459 0.47656
114 0.0026107 -73.055 0.63465 0.48438
115 0.0027733 -72.696 0.63465 0.48438
116 0.0026126 -73.821 0.63459 0.48438
117 0.0026908 -72.305 0.63465 0.48438
118 0.0026951 -72.321 0.63459 0.48438
119 0.0027642 -72.04 0.63465 0.48438
120 0.0028381 -72.399 0.63471 0.49219
121 0.0027113 -72.563 0.63465 0.48438
122 0.0027247 -71.876 0.63459 0.48438
123 0.0027366 -72.305 0.63459 0.48438
124 0.0028572 -72.024 0.63459 0.48438
125 0.0028205 -71.555 0.63465 0.48438
126 0.0026159 -72.719 0.63446 0.48438
127 0.0027223 -72.501 0.63459 0.5
128 0.0026908 -72.821 0.63452 0.49219
129 0.0026832 -72.36 0.63459 0.49219
130 0.0026894 -72.501 0.63459 0.48438
131 0.0027275 -72.485 0.63459 0.49219
132 0.0026813 -73.086 0.63452 0.5
133 0.002554 -73.18 0.63452 0.5
134 0.0026131 -72.751 0.63446 0.5
135 0.0026303 -73.172 0.63452 0.5
136 0.0026455 -73.196 0.63452 0.5
137 0.0026207 -72.813 0.63452 0.49219
138 0.0026121 -72.954 0.63452 0.49219
139 0.0024848 -74.086 0.6344 0.5
140 0.0025978 -73.016 0.63446 0.5
141 0.0025916 -72.977 0.63446 0.49219
142 0.0025926 -73.063 0.63446 0.5
143 0.002563 -73.719 0.63446 0.49219
144 0.0026336 -72.977 0.63446 0.5
145 0.0027032 -72.055 0.63446 0.5
146 0.0025101 -73.547 0.6344 0.49219
147 0.0026846 -73.11 0.63446 0.49219
148 0.0026646 -72.711 0.63446 0.5
149 0.0025764 -73.11 0.6344 0.49219
150 0.0027576 -72.321 0.63446 0.5
151 0.0026913 -72.922 0.63446 0.49219
152 0.0026441 -72.618 0.63446 0.5
153 0.0027275 -71.985 0.63446 0.5
154 0.002842 -72.126 0.63452 0.49219
155 0.0027619 -71.915 0.63446 0.5
156 0.0028262 -71.547 0.63452 0.5
157 0.0027585 -72.024 0.63452 0.49219
158 0.0028806 -71.985 0.63452 0.5
159 0.0026198 -73.016 0.63446 0.49219
160 0.0027032 -72.446 0.63446 0.5
161 0.0027342 -72.586 0.63446 0.49219
162 0.0027123 -73.016 0.63446 0.50782
163 0.0025134 -73.469 0.6344 0.5
164 0.002615 -72.813 0.63446 0.5
165 0.0025993 -72.86 0.63446 0.5
166 0.0028386 -72.094 0.63452 0.50782
167 0.0024858 -73.711 0.63434 0.49219
168 0.0025845 -73.368 0.6344 0.5
169 0.0026779 -72.876 0.63446 0.50782
170 0.0027652 -72.329 0.63446 0.50782
171 0.0026269 -72.907 0.6344 0.5
172 0.0026236 -73.336 0.6344 0.49219
173 0.002646 -73.383 0.6344 0.49219
174 0.002727 -72.711 0.6344 0.51563
175 0.0025039 -73.969 0.6344 0.5
176 0.0025993 -73.336 0.6344 0.5
177 0.0025401 -74.29 0.6344 0.49219
178 0.0026036 -73.672 0.6344 0.5
179 0.0026112 -74.204 0.63446 0.49219
180 0.0025439 -74.602 0.6344 0.49219
181 0.0024257 -75.211 0.63434 0.5
182 0.0025764 -73.758 0.6344 0.5
183 0.0025468 -74.243 0.63434 0.49219
184 0.0022869 -75.985 0.63422 0.49219
185 0.0021982 -76.469 0.63416 0.5
186 0.002245 -75.876 0.63422 0.50782
187 0.0021959 -76.415 0.63416 0.5
188 0.001997 -77.665 0.63404 0.5
189 0.0020724 -77.071 0.63404 0.50782
190 0.0020399 -77.086 0.63398 0.50782
191 0.0020518 -77.204 0.63404 0.49219
192 0.0019374 -77.969 0.63404 0.5
193 0.0021405 -76.711 0.6341 0.5
194 0.0021253 -76.805 0.63404 0.49219
195 0.0021119 -76.704 0.63404 0.49219
196 0.0020428 -77.133 0.63404 0.49219
197 0.0019684 -77.501 0.63398 0.5
198 0.002039 -77.032 0.63398 0.49219
199 0.0019679 -77.297 0.63398 0.5
200 0.0019956 -77.29 0.63398 0.5
201 0.0020952 -76.766 0.63404 0.50782
202 0.0020485 -77.266 0.63398 0.49219
203 0.0020423 -77.172 0.63398 0.49219
204 0.0019889 -77.657 0.63398 0.49219
205 0.001926 -77.711 0.63398 0.50782
206 0.0019636 -77.735 0.63398 0.49219
207 0.0020542 -77.165 0.63404 0.49219
208 0.0019589 -77.946 0.63398 0.49219
209 0.0020862 -76.758 0.63404 0.50782
210 0.0018892 -78.055 0.63398 0.49219
211 0.0019145 -77.571 0.63398 0.5
212 0.0018535 -78.118 0.63398 0.5
213 0.0017352 -78.907 0.63385 0.5
214 0.0017548 -78.461 0.63385 0.5
215 0.0017929 -78.188 0.63385 0.5
216 0.001791 -78.274 0.63385 0.5
217 0.0017476 -78.961 0.63385 0.5
218 0.0016279 -79.368 0.63379 0.5
219 0.0015955 -79.54 0.63379 0.49219
220 0.0018449 -78.133 0.63385 0.5
221 0.0020199 -77.165 0.63398 0.50782
222 0.0019403 -77.743 0.63398 0.49219
223 0.0017429 -78.876 0.63385 0.48438
224 0.0016346 -79.946 0.63379 0.48438
225 0.0016904 -79.493 0.63379 0.49219
226 0.001709 -79.313 0.63379 0.48438
227 0.00172 -79.219 0.63379 0.48438
228 0.0016041 -79.829 0.63379 0.49219
229 0.0016852 -79.415 0.63385 0.49219
230 0.001658 -79.547 0.63379 0.48438
231 0.0015569 -80.071 0.63373 0.48438
232 0.0016246 -79.899 0.63379 0.49219
233 0.0016198 -79.93 0.63373 0.49219
234 0.0015845 -80.086 0.63379 0.49219
235 0.0015249 -80.376 0.63373 0.48438
236 0.0015292 -80.344 0.63373 0.48438
237 0.0017109 -79.251 0.63385 0.49219
238 0.0016675 -79.368 0.63385 0.48438
239 0.0016623 -79.532 0.63379 0.49219
240 0.0018044 -78.688 0.63385 0.49219
241 0.0018382 -78.399 0.63385 0.49219
242 0.0016914 -79.204 0.63385 0.48438
243 0.0014825 -80.594 0.63373 0.48438
244 0.0016136 -79.813 0.63379 0.49219
245 0.0015979 -80.001 0.63379 0.49219
246 0.0016179 -79.563 0.63379 0.48438
247 0.001648 -79.399 0.63385 0.49219
248 0.0015884 -79.883 0.63379 0.49219
249 0.0015426 -80.266 0.63373 0.49219
250 0.0014372 -80.86 0.63373 0.49219
251 0.0013366 -81.532 0.63367 0.49219
252 0.0017076 -79.297 0.63391 0.49219
253 0.0015459 -80.422 0.63385 0.48438
254 0.0014877 -80.969 0.63379 0.48438
255 0.001432 -81.336 0.63379 0.48438
256 0.0013089 -81.868 0.63373 0.49219
257 0.0013514 -81.665 0.63373 0.48438
258 0.0013023 -81.915 0.63367 0.48438
259 0.0013824 -81.29 0.63373 0.48438
260 0.0014668 -80.938 0.63373 0.48438
261 0.0013194 -81.696 0.63367 0.48438
262 0.0013042 -81.688 0.63373 0.48438
263 0.0014253 -80.774 0.63379 0.48438
264 0.0016279 -79.727 0.63398 0.48438
265 0.0019169 -77.594 0.6341 0.48438
266 0.0019398 -77.157 0.6341 0.48438
267 0.0017171 -78.649 0.63398 0.48438
268 0.0018668 -78.376 0.63404 0.48438
269 0.0015864 -79.766 0.63385 0.48438
270 0.0014644 -80.594 0.63385 0.48438
271 0.0014701 -80.516 0.63379 0.48438
272 0.0015869 -80.016 0.63385 0.48438
273 0.0015073 -80.321 0.63385 0.48438
274 0.0016732 -79.079 0.63385 0.48438
275 0.0013881 -81.126 0.63373 0.48438
276 0.0015426 -80.29 0.63385 0.48438
277 0.001514 -80.118 0.63385 0.48438
278 0.0014658 -80.454 0.63385 0.48438
279 0.0015483 -80.118 0.63385 0.48438
280 0.001348 -81.602 0.63379 0.48438
281 0.0013728 -81.126 0.63373 0.47656
282 0.0014043 -80.829 0.63379 0.47656
283 0.0013437 -81.274 0.63379 0.47656
284 0.0011816 -82.672 0.63373 0.47656
285 0.0012035 -82.29 0.63373 0.47656
286 0.0012169 -82.235 0.63373 0.47656
287 0.0015235 -80.219 0.63391 0.46875
288 0.0015721 -80.165 0.63398 0.47656
289 0.0014892 -80.422 0.63385 0.47656
290 0.0014119 -80.954 0.63379 0.47656
291 0.0013256 -81.743 0.63373 0.46875
292 0.0012183 -82.376 0.63373 0.47656
293 0.0012589 -81.969 0.63373 0.46875
294 0.0012102 -82.274 0.63373 0.46875
295 0.0013227 -81.688 0.63379 0.46875
296 0.001379 -81.313 0.63379 0.46875
297 0.0012665 -82.086 0.63373 0.46094
298 0.0012975 -82.071 0.63379 0.46094
299 0.0013375 -81.641 0.63379 0.46875
300 0.0010581 -83.141 0.633 0.46094
